File Version,BWRam4.11_1
Date,2023-11-03 19:40:11
title,BWS475-785H-ST
model,BTC667N-785H-HT
c code,SKF
operator,
port1,0
baud1,3
pixel_start,0
pixel_end,2047
step,1
units,3
bkcolor,16777215
show_mode,3
data_mode,0
pixel_mode,0
intigration times(sec),5
average number,1
time_multiply,1
spectrometer_type,77
yaxis,0
yaxis_min,0
yaxis_max,65535
xaxis,1
xaxis_min,83
xaxis_max,2030
irrands_DispWLMin,100
irrands_DispWLMax,1000
yaxis_min_6,0
yaxis_max_6,65535
irradiance_unit,0
Color_Data_Flag,0
Color_StartWL,785
Color_EndWL,785
Color_IncWL,10
power_unit_index,1
photometric_index,0
Illuminant_index,2
observer_index,0
lab_l,0
lab_a,0
lab_b,0
radiometric_flag,0
coefs_a0,783.94740035369
coefs_a1,0.120189976981384
coefs_a2,-3.99931030595067E-06
coefs_a3,-6.43091786936052E-10
coefs_b0,-9394.81500038533
coefs_b1,20.6107143334984
coefs_b2,-0.0173715072306217
coefs_b3,8.12149596276715E-06
coefs_r0,1
coefs_r1,0
coefs_r2,0
coefs_r3,0
coefs_j0,1
coefs_j1,0
coefs_j2,0
coefs_j3,0
enable_coefs_r,0
all_data_save,1
select_option,-1
interval_time,5
pixel_num,2048
sel_pixel_start,0
sel_pixel_end,2039
sel_pixel_delta,1
dark_compensate,0
dark_compensate_value_1,0
dark_compensate_value_2,0
dark_compensate_value_3,0
monitor pixel_0,0
monitor pixel_1,0
monitor pixel_2,0
monitor pixel_3,0
monitor pixel_4,0
monitor pixel_5,0
vertical_select_flag,0
vertical_line3,63
vertical_line4,63
vertical_line3_wv,390
vertical_line4_wv,390
vertical_line_flag,0
vertical_line_ratio,0
laser_wavelength,784.82
laser_powerlevel,25
overlay_js,0
Relative Intensity Correction Flag,0
Pixel,Wavelength,Wavenumber,Raman Shift,Dark,Reference,Raw data #1,Dark Subtracted #1,%TR #1,Absorbance #1,Irradiance (W/cm^2/nm) #1,
0,   ,   ,   ,304.0000,65535.0000,65535.0000,65231.0000,0.0000,0.0000,0.0000,
1,   ,   ,   ,298.0000,65535.0000,65535.0000,65237.0000,0.0000,0.0000,0.0000,
2,   ,   ,   ,300.0000,65535.0000,65535.0000,65235.0000,0.0000,0.0000,0.0000,
3,   ,   ,   ,302.0000,65535.0000,65535.0000,65233.0000,0.0000,0.0000,0.0000,
4,   ,   ,   ,296.0000,65535.0000,65535.0000,65239.0000,0.0000,0.0000,0.0000,
5,   ,   ,   ,306.0000,65535.0000,65535.0000,65229.0000,0.0000,0.0000,0.0000,
6,   ,   ,   ,300.0000,65535.0000,65535.0000,65235.0000,0.0000,0.0000,0.0000,
7,   ,   ,   ,303.0000,65535.0000,65535.0000,65232.0000,0.0000,0.0000,0.0000,
8,   ,   ,   ,303.0000,65535.0000,65535.0000,65232.0000,0.0000,0.0000,0.0000,
9,   ,   ,   ,297.0000,65535.0000,65535.0000,65238.0000,0.0000,0.0000,0.0000,
10,   ,   ,   ,306.0000,65535.0000,65535.0000,65229.0000,0.0000,0.0000,0.0000,
11,   ,   ,   ,304.0000,65535.0000,19801.0000,19497.0000,0.0000,0.0000,0.0000,
12,   ,   ,   ,297.0000,65535.0000,9256.0000,8959.0000,0.0000,0.0000,0.0000,
13,   ,   ,   ,310.0000,65535.0000,6012.0000,5702.0000,0.0000,0.0000,0.0000,
14,   ,   ,   ,306.0000,65535.0000,4527.0000,4221.0000,0.0000,0.0000,0.0000,
15,   ,   ,   ,304.0000,65535.0000,3829.0000,3525.0000,0.0000,0.0000,0.0000,
16,   ,   ,   ,318.0000,65535.0000,3335.0000,3017.0000,0.0000,0.0000,0.0000,
17,   ,   ,   ,306.0000,65535.0000,2947.0000,2641.0000,0.0000,0.0000,0.0000,
18,   ,   ,   ,300.0000,65535.0000,2512.0000,2212.0000,0.0000,0.0000,0.0000,
19,   ,   ,   ,301.0000,65535.0000,2226.0000,1925.0000,0.0000,0.0000,0.0000,
20,   ,   ,   ,302.0000,65535.0000,2020.0000,1718.0000,0.0000,0.0000,0.0000,
21,   ,   ,   ,295.0000,65535.0000,1752.0000,1457.0000,0.0000,0.0000,0.0000,
22,   ,   ,   ,304.0000,65535.0000,1653.0000,1349.0000,0.0000,0.0000,0.0000,
23,   ,   ,   ,293.0000,65535.0000,1524.0000,1231.0000,0.0000,0.0000,0.0000,
24,   ,   ,   ,306.0000,65535.0000,1442.0000,1136.0000,0.0000,0.0000,0.0000,
25,   ,   ,   ,296.0000,65535.0000,1328.0000,1032.0000,0.0000,0.0000,0.0000,
26,   ,   ,   ,297.0000,65535.0000,1235.0000,938.0000,0.0000,0.0000,0.0000,
27,   ,   ,   ,297.0000,65535.0000,1168.0000,871.0000,0.0000,0.0000,0.0000,
28,   ,   ,   ,308.0000,65535.0000,1063.0000,755.0000,0.0000,0.0000,0.0000,
29,   ,   ,   ,300.0000,65535.0000,999.0000,699.0000,0.0000,0.0000,0.0000,
30,   ,   ,   ,309.0000,65535.0000,972.0000,663.0000,0.0000,0.0000,0.0000,
31,   ,   ,   ,301.0000,65535.0000,966.0000,665.0000,0.0000,0.0000,0.0000,
32,   ,   ,   ,292.0000,65535.0000,914.0000,622.0000,0.0000,0.0000,0.0000,
33,   ,   ,   ,304.0000,65535.0000,904.0000,600.0000,0.0000,0.0000,0.0000,
34,   ,   ,   ,304.0000,65535.0000,887.0000,583.0000,0.0000,0.0000,0.0000,
35,   ,   ,   ,303.0000,65535.0000,865.0000,562.0000,0.0000,0.0000,0.0000,
36,   ,   ,   ,298.0000,65535.0000,815.0000,517.0000,0.0000,0.0000,0.0000,
37,   ,   ,   ,305.0000,65535.0000,814.0000,509.0000,0.0000,0.0000,0.0000,
38,   ,   ,   ,296.0000,65535.0000,832.0000,536.0000,0.0000,0.0000,0.0000,
39,   ,   ,   ,304.0000,65535.0000,835.0000,531.0000,0.0000,0.0000,0.0000,
40,   ,   ,   ,293.0000,65535.0000,854.0000,561.0000,0.0000,0.0000,0.0000,
41,   ,   ,   ,310.0000,65535.0000,894.0000,584.0000,0.0000,0.0000,0.0000,
42,   ,   ,   ,406.0000,65535.0000,949.0000,543.0000,0.0000,0.0000,0.0000,
43,   ,   ,   ,300.0000,65535.0000,889.0000,589.0000,0.0000,0.0000,0.0000,
44,   ,   ,   ,304.0000,65535.0000,885.0000,581.0000,0.0000,0.0000,0.0000,
45,   ,   ,   ,304.0000,65535.0000,940.0000,636.0000,0.0000,0.0000,0.0000,
46,   ,   ,   ,301.0000,65535.0000,1088.0000,787.0000,0.0000,0.0000,0.0000,
47,   ,   ,   ,304.0000,65535.0000,1238.0000,934.0000,0.0000,0.0000,0.0000,
48,   ,   ,   ,300.0000,65535.0000,1471.0000,1171.0000,0.0000,0.0000,0.0000,
49,   ,   ,   ,310.0000,65535.0000,1701.0000,1391.0000,0.0000,0.0000,0.0000,
50,   ,   ,   ,300.0000,65535.0000,1972.0000,1672.0000,0.0000,0.0000,0.0000,
51,   ,   ,   ,298.0000,65535.0000,2222.0000,1924.0000,0.0000,0.0000,0.0000,
52,   ,   ,   ,297.0000,65535.0000,2500.0000,2203.0000,0.0000,0.0000,0.0000,
53,   ,   ,   ,300.0000,65535.0000,2708.0000,2408.0000,0.0000,0.0000,0.0000,
54,   ,   ,   ,311.0000,65535.0000,2827.0000,2516.0000,0.0000,0.0000,0.0000,
55,   ,   ,   ,305.0000,65535.0000,2808.0000,2503.0000,0.0000,0.0000,0.0000,
56,   ,   ,   ,305.0000,65535.0000,2678.0000,2373.0000,0.0000,0.0000,0.0000,
57,   ,   ,   ,301.0000,65535.0000,2548.0000,2247.0000,0.0000,0.0000,0.0000,
58,   ,   ,   ,308.0000,65535.0000,2451.0000,2143.0000,0.0000,0.0000,0.0000,
59,   ,   ,   ,302.0000,65535.0000,2403.0000,2101.0000,0.0000,0.0000,0.0000,
60,   ,   ,   ,304.0000,65535.0000,2460.0000,2156.0000,0.0000,0.0000,0.0000,
61,   ,   ,   ,304.0000,65535.0000,2501.0000,2197.0000,0.0000,0.0000,0.0000,
62,   ,   ,   ,302.0000,65535.0000,2490.0000,2188.0000,0.0000,0.0000,0.0000,
63,   ,   ,   ,303.0000,65535.0000,2269.0000,1966.0000,0.0000,0.0000,0.0000,
64,   ,   ,   ,312.0000,65535.0000,2201.0000,1889.0000,0.0000,0.0000,0.0000,
65,   ,   ,   ,301.0000,65535.0000,2032.0000,1731.0000,0.0000,0.0000,0.0000,
66,   ,   ,   ,302.0000,65535.0000,2018.0000,1716.0000,0.0000,0.0000,0.0000,
67,   ,   ,   ,296.0000,65535.0000,2004.0000,1708.0000,0.0000,0.0000,0.0000,
68,   ,   ,   ,300.0000,65535.0000,2052.0000,1752.0000,0.0000,0.0000,0.0000,
69,   ,   ,   ,300.0000,65535.0000,1957.0000,1657.0000,0.0000,0.0000,0.0000,
70,   ,   ,   ,300.0000,65535.0000,1948.0000,1648.0000,0.0000,0.0000,0.0000,
71,   ,   ,   ,300.0000,65535.0000,1840.0000,1540.0000,0.0000,0.0000,0.0000,
72,   ,   ,   ,299.0000,65535.0000,1795.0000,1496.0000,0.0000,0.0000,0.0000,
73,   ,   ,   ,299.0000,65535.0000,1770.0000,1471.0000,0.0000,0.0000,0.0000,
74,   ,   ,   ,305.0000,65535.0000,1708.0000,1403.0000,0.0000,0.0000,0.0000,
75,   ,   ,   ,305.0000,65535.0000,1678.0000,1373.0000,0.0000,0.0000,0.0000,
76,   ,   ,   ,296.0000,65535.0000,1625.0000,1329.0000,0.0000,0.0000,0.0000,
77,   ,   ,   ,300.0000,65535.0000,1601.0000,1301.0000,0.0000,0.0000,0.0000,
78,   ,   ,   ,302.0000,65535.0000,1600.0000,1298.0000,0.0000,0.0000,0.0000,
79,   ,   ,   ,301.0000,65535.0000,1622.0000,1321.0000,0.0000,0.0000,0.0000,
80,   ,   ,   ,303.0000,65535.0000,1546.0000,1243.0000,0.0000,0.0000,0.0000,
81,   ,   ,   ,305.0000,65535.0000,1463.0000,1158.0000,0.0000,0.0000,0.0000,
82,   ,   ,   ,295.0000,65535.0000,1368.0000,1073.0000,0.0000,0.0000,0.0000,
83,793.90,12596.12,145.65,302.0000,65535.0000,1337.0000,1035.0000,0.0000,0.0000,0.0000,
84,794.01,12594.22,147.55,300.0000,65535.0000,1358.0000,1058.0000,0.0000,0.0000,0.0000,
85,794.13,12592.33,149.45,296.0000,65535.0000,1314.0000,1018.0000,0.0000,0.0000,0.0000,
86,794.25,12590.43,151.34,298.0000,65535.0000,1321.0000,1023.0000,0.0000,0.0000,0.0000,
87,794.37,12588.54,153.23,310.0000,65535.0000,1344.0000,1034.0000,0.0000,0.0000,0.0000,
88,794.49,12586.65,155.13,301.0000,65535.0000,1288.0000,987.0000,0.0000,0.0000,0.0000,
89,794.61,12584.76,157.02,296.0000,65535.0000,1217.0000,921.0000,0.0000,0.0000,0.0000,
90,794.73,12582.86,158.91,305.0000,65535.0000,1184.0000,879.0000,0.0000,0.0000,0.0000,
91,794.85,12580.97,160.80,298.0000,65535.0000,1186.0000,888.0000,0.0000,0.0000,0.0000,
92,794.97,12579.08,162.69,302.0000,65535.0000,1145.0000,843.0000,0.0000,0.0000,0.0000,
93,795.09,12577.19,164.58,296.0000,65535.0000,1140.0000,844.0000,0.0000,0.0000,0.0000,
94,795.21,12575.30,166.47,298.0000,65535.0000,1127.0000,829.0000,0.0000,0.0000,0.0000,
95,795.33,12573.42,168.36,304.0000,65535.0000,1133.0000,829.0000,0.0000,0.0000,0.0000,
96,795.45,12571.53,170.25,303.0000,65535.0000,1109.0000,806.0000,0.0000,0.0000,0.0000,
97,795.57,12569.64,172.13,301.0000,65535.0000,1123.0000,822.0000,0.0000,0.0000,0.0000,
98,795.69,12567.76,174.02,304.0000,65535.0000,1064.0000,760.0000,0.0000,0.0000,0.0000,
99,795.81,12565.87,175.90,303.0000,65535.0000,1054.0000,751.0000,0.0000,0.0000,0.0000,
100,795.93,12563.99,177.79,304.0000,65535.0000,1029.0000,725.0000,0.0000,0.0000,0.0000,
101,796.05,12562.10,179.67,308.0000,65535.0000,1059.0000,751.0000,0.0000,0.0000,0.0000,
102,796.16,12560.22,181.56,294.0000,65535.0000,1013.0000,719.0000,0.0000,0.0000,0.0000,
103,796.28,12558.34,183.44,300.0000,65535.0000,1000.0000,700.0000,0.0000,0.0000,0.0000,
104,796.40,12556.45,185.32,305.0000,65535.0000,994.0000,689.0000,0.0000,0.0000,0.0000,
105,796.52,12554.57,187.20,292.0000,65535.0000,978.0000,686.0000,0.0000,0.0000,0.0000,
106,796.64,12552.69,189.08,308.0000,65535.0000,975.0000,667.0000,0.0000,0.0000,0.0000,
107,796.76,12550.81,190.96,309.0000,65535.0000,1010.0000,701.0000,0.0000,0.0000,0.0000,
108,796.88,12548.93,192.84,294.0000,65535.0000,990.0000,696.0000,0.0000,0.0000,0.0000,
109,797.00,12547.06,194.72,307.0000,65535.0000,956.0000,649.0000,0.0000,0.0000,0.0000,
110,797.12,12545.18,196.60,290.0000,65535.0000,976.0000,686.0000,0.0000,0.0000,0.0000,
111,797.24,12543.30,198.47,301.0000,65535.0000,960.0000,659.0000,0.0000,0.0000,0.0000,
112,797.36,12541.42,200.35,302.0000,65535.0000,996.0000,694.0000,0.0000,0.0000,0.0000,
113,797.48,12539.55,202.23,305.0000,65535.0000,985.0000,680.0000,0.0000,0.0000,0.0000,
114,797.60,12537.67,204.10,296.0000,65535.0000,977.0000,681.0000,0.0000,0.0000,0.0000,
115,797.72,12535.80,205.98,294.0000,65535.0000,969.0000,675.0000,0.0000,0.0000,0.0000,
116,797.83,12533.93,207.85,301.0000,65535.0000,954.0000,653.0000,0.0000,0.0000,0.0000,
117,797.95,12532.05,209.72,300.0000,65535.0000,918.0000,618.0000,0.0000,0.0000,0.0000,
118,798.07,12530.18,211.59,296.0000,65535.0000,936.0000,640.0000,0.0000,0.0000,0.0000,
119,798.19,12528.31,213.47,296.0000,65535.0000,946.0000,650.0000,0.0000,0.0000,0.0000,
120,798.31,12526.44,215.34,320.0000,65535.0000,975.0000,655.0000,0.0000,0.0000,0.0000,
121,798.43,12524.57,217.21,305.0000,65535.0000,929.0000,624.0000,0.0000,0.0000,0.0000,
122,798.55,12522.70,219.08,293.0000,65535.0000,907.0000,614.0000,0.0000,0.0000,0.0000,
123,798.67,12520.83,220.94,308.0000,65535.0000,920.0000,612.0000,0.0000,0.0000,0.0000,
124,798.79,12518.96,222.81,305.0000,65535.0000,913.0000,608.0000,0.0000,0.0000,0.0000,
125,798.91,12517.10,224.68,306.0000,65535.0000,904.0000,598.0000,0.0000,0.0000,0.0000,
126,799.03,12515.23,226.55,296.0000,65535.0000,926.0000,630.0000,0.0000,0.0000,0.0000,
127,799.15,12513.36,228.41,299.0000,65535.0000,951.0000,652.0000,0.0000,0.0000,0.0000,
128,799.26,12511.50,230.28,299.0000,65535.0000,952.0000,653.0000,0.0000,0.0000,0.0000,
129,799.38,12509.63,232.14,300.0000,65535.0000,930.0000,630.0000,0.0000,0.0000,0.0000,
130,799.50,12507.77,234.01,298.0000,65535.0000,934.0000,636.0000,0.0000,0.0000,0.0000,
131,799.62,12505.91,235.87,311.0000,65535.0000,910.0000,599.0000,0.0000,0.0000,0.0000,
132,799.74,12504.04,237.73,309.0000,65535.0000,903.0000,594.0000,0.0000,0.0000,0.0000,
133,799.86,12502.18,239.59,306.0000,65535.0000,896.0000,590.0000,0.0000,0.0000,0.0000,
134,799.98,12500.32,241.45,300.0000,65535.0000,888.0000,588.0000,0.0000,0.0000,0.0000,
135,800.10,12498.46,243.32,305.0000,65535.0000,921.0000,616.0000,0.0000,0.0000,0.0000,
136,800.22,12496.60,245.18,303.0000,65535.0000,924.0000,621.0000,0.0000,0.0000,0.0000,
137,800.34,12494.74,247.03,302.0000,65535.0000,917.0000,615.0000,0.0000,0.0000,0.0000,
138,800.46,12492.88,248.89,313.0000,65535.0000,929.0000,616.0000,0.0000,0.0000,0.0000,
139,800.57,12491.03,250.75,294.0000,65535.0000,890.0000,596.0000,0.0000,0.0000,0.0000,
140,800.69,12489.17,252.61,312.0000,65535.0000,916.0000,604.0000,0.0000,0.0000,0.0000,
141,800.81,12487.31,254.46,296.0000,65535.0000,920.0000,624.0000,0.0000,0.0000,0.0000,
142,800.93,12485.46,256.32,306.0000,65535.0000,899.0000,593.0000,0.0000,0.0000,0.0000,
143,801.05,12483.60,258.17,307.0000,65535.0000,905.0000,598.0000,0.0000,0.0000,0.0000,
144,801.17,12481.75,260.03,305.0000,65535.0000,902.0000,597.0000,0.0000,0.0000,0.0000,
145,801.29,12479.89,261.88,296.0000,65535.0000,926.0000,630.0000,0.0000,0.0000,0.0000,
146,801.41,12478.04,263.73,303.0000,65535.0000,941.0000,638.0000,0.0000,0.0000,0.0000,
147,801.53,12476.19,265.59,309.0000,65535.0000,902.0000,593.0000,0.0000,0.0000,0.0000,
148,801.65,12474.34,267.44,310.0000,65535.0000,919.0000,609.0000,0.0000,0.0000,0.0000,
149,801.76,12472.49,269.29,299.0000,65535.0000,930.0000,631.0000,0.0000,0.0000,0.0000,
150,801.88,12470.64,271.14,308.0000,65535.0000,935.0000,627.0000,0.0000,0.0000,0.0000,
151,802.00,12468.79,272.99,302.0000,65535.0000,918.0000,616.0000,0.0000,0.0000,0.0000,
152,802.12,12466.94,274.84,298.0000,65535.0000,928.0000,630.0000,0.0000,0.0000,0.0000,
153,802.24,12465.09,276.69,299.0000,65535.0000,943.0000,644.0000,0.0000,0.0000,0.0000,
154,802.36,12463.24,278.53,300.0000,65535.0000,944.0000,644.0000,0.0000,0.0000,0.0000,
155,802.48,12461.40,280.38,296.0000,65535.0000,942.0000,646.0000,0.0000,0.0000,0.0000,
156,802.60,12459.55,282.23,305.0000,65535.0000,946.0000,641.0000,0.0000,0.0000,0.0000,
157,802.72,12457.70,284.07,297.0000,65535.0000,949.0000,652.0000,0.0000,0.0000,0.0000,
158,802.84,12455.86,285.92,291.0000,65535.0000,940.0000,649.0000,0.0000,0.0000,0.0000,
159,802.95,12454.01,287.76,298.0000,65535.0000,946.0000,648.0000,0.0000,0.0000,0.0000,
160,803.07,12452.17,289.60,298.0000,65535.0000,952.0000,654.0000,0.0000,0.0000,0.0000,
161,803.19,12450.33,291.45,297.0000,65535.0000,910.0000,613.0000,0.0000,0.0000,0.0000,
162,803.31,12448.49,293.29,303.0000,65535.0000,942.0000,639.0000,0.0000,0.0000,0.0000,
163,803.43,12446.65,295.13,294.0000,65535.0000,927.0000,633.0000,0.0000,0.0000,0.0000,
164,803.55,12444.80,296.97,295.0000,65535.0000,929.0000,634.0000,0.0000,0.0000,0.0000,
165,803.67,12442.96,298.81,303.0000,65535.0000,924.0000,621.0000,0.0000,0.0000,0.0000,
166,803.79,12441.13,300.65,299.0000,65535.0000,918.0000,619.0000,0.0000,0.0000,0.0000,
167,803.90,12439.29,302.49,306.0000,65535.0000,928.0000,622.0000,0.0000,0.0000,0.0000,
168,804.02,12437.45,304.33,296.0000,65535.0000,950.0000,654.0000,0.0000,0.0000,0.0000,
169,804.14,12435.61,306.16,307.0000,65535.0000,934.0000,627.0000,0.0000,0.0000,0.0000,
170,804.26,12433.78,308.00,298.0000,65535.0000,953.0000,655.0000,0.0000,0.0000,0.0000,
171,804.38,12431.94,309.84,308.0000,65535.0000,956.0000,648.0000,0.0000,0.0000,0.0000,
172,804.50,12430.10,311.67,301.0000,65535.0000,959.0000,658.0000,0.0000,0.0000,0.0000,
173,804.62,12428.27,313.51,289.0000,65535.0000,929.0000,640.0000,0.0000,0.0000,0.0000,
174,804.74,12426.44,315.34,305.0000,65535.0000,963.0000,658.0000,0.0000,0.0000,0.0000,
175,804.85,12424.60,317.17,306.0000,65535.0000,943.0000,637.0000,0.0000,0.0000,0.0000,
176,804.97,12422.77,319.01,298.0000,65535.0000,942.0000,644.0000,0.0000,0.0000,0.0000,
177,805.09,12420.94,320.84,302.0000,65535.0000,950.0000,648.0000,0.0000,0.0000,0.0000,
178,805.21,12419.11,322.67,300.0000,65535.0000,929.0000,629.0000,0.0000,0.0000,0.0000,
179,805.33,12417.28,324.50,296.0000,65535.0000,928.0000,632.0000,0.0000,0.0000,0.0000,
180,805.45,12415.45,326.33,296.0000,65535.0000,928.0000,632.0000,0.0000,0.0000,0.0000,
181,805.57,12413.62,328.16,302.0000,65535.0000,940.0000,638.0000,0.0000,0.0000,0.0000,
182,805.69,12411.79,329.99,300.0000,65535.0000,949.0000,649.0000,0.0000,0.0000,0.0000,
183,805.80,12409.96,331.81,301.0000,65535.0000,918.0000,617.0000,0.0000,0.0000,0.0000,
184,805.92,12408.13,333.64,300.0000,65535.0000,954.0000,654.0000,0.0000,0.0000,0.0000,
185,806.04,12406.31,335.47,305.0000,65535.0000,925.0000,620.0000,0.0000,0.0000,0.0000,
186,806.16,12404.48,337.29,293.0000,65535.0000,955.0000,662.0000,0.0000,0.0000,0.0000,
187,806.28,12402.66,339.12,305.0000,65535.0000,947.0000,642.0000,0.0000,0.0000,0.0000,
188,806.40,12400.83,340.94,298.0000,65535.0000,917.0000,619.0000,0.0000,0.0000,0.0000,
189,806.52,12399.01,342.77,303.0000,65535.0000,945.0000,642.0000,0.0000,0.0000,0.0000,
190,806.63,12397.19,344.59,296.0000,65535.0000,947.0000,651.0000,0.0000,0.0000,0.0000,
191,806.75,12395.36,346.41,302.0000,65535.0000,942.0000,640.0000,0.0000,0.0000,0.0000,
192,806.87,12393.54,348.23,295.0000,65535.0000,934.0000,639.0000,0.0000,0.0000,0.0000,
193,806.99,12391.72,350.06,297.0000,65535.0000,950.0000,653.0000,0.0000,0.0000,0.0000,
194,807.11,12389.90,351.88,297.0000,65535.0000,954.0000,657.0000,0.0000,0.0000,0.0000,
195,807.23,12388.08,353.70,302.0000,65535.0000,959.0000,657.0000,0.0000,0.0000,0.0000,
196,807.35,12386.26,355.51,300.0000,65535.0000,961.0000,661.0000,0.0000,0.0000,0.0000,
197,807.46,12384.44,357.33,309.0000,65535.0000,945.0000,636.0000,0.0000,0.0000,0.0000,
198,807.58,12382.62,359.15,297.0000,65535.0000,932.0000,635.0000,0.0000,0.0000,0.0000,
199,807.70,12380.81,360.97,298.0000,65535.0000,928.0000,630.0000,0.0000,0.0000,0.0000,
200,807.82,12378.99,362.78,302.0000,65535.0000,930.0000,628.0000,0.0000,0.0000,0.0000,
201,807.94,12377.18,364.60,294.0000,65535.0000,943.0000,649.0000,0.0000,0.0000,0.0000,
202,808.06,12375.36,366.41,303.0000,65535.0000,958.0000,655.0000,0.0000,0.0000,0.0000,
203,808.18,12373.55,368.23,302.0000,65535.0000,985.0000,683.0000,0.0000,0.0000,0.0000,
204,808.29,12371.73,370.04,306.0000,65535.0000,968.0000,662.0000,0.0000,0.0000,0.0000,
205,808.41,12369.92,371.86,308.0000,65535.0000,950.0000,642.0000,0.0000,0.0000,0.0000,
206,808.53,12368.11,373.67,303.0000,65535.0000,958.0000,655.0000,0.0000,0.0000,0.0000,
207,808.65,12366.29,375.48,301.0000,65535.0000,940.0000,639.0000,0.0000,0.0000,0.0000,
208,808.77,12364.48,377.29,306.0000,65535.0000,960.0000,654.0000,0.0000,0.0000,0.0000,
209,808.89,12362.67,379.10,299.0000,65535.0000,942.0000,643.0000,0.0000,0.0000,0.0000,
210,809.00,12360.86,380.91,306.0000,65535.0000,945.0000,639.0000,0.0000,0.0000,0.0000,
211,809.12,12359.05,382.72,293.0000,65535.0000,963.0000,670.0000,0.0000,0.0000,0.0000,
212,809.24,12357.25,384.53,306.0000,65535.0000,983.0000,677.0000,0.0000,0.0000,0.0000,
213,809.36,12355.44,386.34,295.0000,65535.0000,953.0000,658.0000,0.0000,0.0000,0.0000,
214,809.48,12353.63,388.14,308.0000,65535.0000,974.0000,666.0000,0.0000,0.0000,0.0000,
215,809.60,12351.82,389.95,299.0000,65535.0000,981.0000,682.0000,0.0000,0.0000,0.0000,
216,809.72,12350.02,391.76,307.0000,65535.0000,964.0000,657.0000,0.0000,0.0000,0.0000,
217,809.83,12348.21,393.56,303.0000,65535.0000,970.0000,667.0000,0.0000,0.0000,0.0000,
218,809.95,12346.41,395.37,302.0000,65535.0000,958.0000,656.0000,0.0000,0.0000,0.0000,
219,810.07,12344.61,397.17,300.0000,65535.0000,946.0000,646.0000,0.0000,0.0000,0.0000,
220,810.19,12342.80,398.97,303.0000,65535.0000,966.0000,663.0000,0.0000,0.0000,0.0000,
221,810.31,12341.00,400.78,300.0000,65535.0000,966.0000,666.0000,0.0000,0.0000,0.0000,
222,810.43,12339.20,402.58,306.0000,65535.0000,948.0000,642.0000,0.0000,0.0000,0.0000,
223,810.54,12337.40,404.38,304.0000,65535.0000,974.0000,670.0000,0.0000,0.0000,0.0000,
224,810.66,12335.60,406.18,295.0000,65535.0000,964.0000,669.0000,0.0000,0.0000,0.0000,
225,810.78,12333.80,407.98,307.0000,65535.0000,994.0000,687.0000,0.0000,0.0000,0.0000,
226,810.90,12332.00,409.78,304.0000,65535.0000,978.0000,674.0000,0.0000,0.0000,0.0000,
227,811.02,12330.20,411.58,296.0000,65535.0000,983.0000,687.0000,0.0000,0.0000,0.0000,
228,811.14,12328.40,413.37,302.0000,65535.0000,968.0000,666.0000,0.0000,0.0000,0.0000,
229,811.25,12326.60,415.17,304.0000,65535.0000,990.0000,686.0000,0.0000,0.0000,0.0000,
230,811.37,12324.81,416.97,305.0000,65535.0000,942.0000,637.0000,0.0000,0.0000,0.0000,
231,811.49,12323.01,418.76,303.0000,65535.0000,965.0000,662.0000,0.0000,0.0000,0.0000,
232,811.61,12321.22,420.56,307.0000,65535.0000,953.0000,646.0000,0.0000,0.0000,0.0000,
233,811.73,12319.42,422.35,302.0000,65535.0000,976.0000,674.0000,0.0000,0.0000,0.0000,
234,811.84,12317.63,424.15,296.0000,65535.0000,966.0000,670.0000,0.0000,0.0000,0.0000,
235,811.96,12315.83,425.94,304.0000,65535.0000,980.0000,676.0000,0.0000,0.0000,0.0000,
236,812.08,12314.04,427.73,306.0000,65535.0000,935.0000,629.0000,0.0000,0.0000,0.0000,
237,812.20,12312.25,429.53,301.0000,65535.0000,965.0000,664.0000,0.0000,0.0000,0.0000,
238,812.32,12310.46,431.32,304.0000,65535.0000,972.0000,668.0000,0.0000,0.0000,0.0000,
239,812.44,12308.67,433.11,314.0000,65535.0000,986.0000,672.0000,0.0000,0.0000,0.0000,
240,812.55,12306.88,434.90,303.0000,65535.0000,965.0000,662.0000,0.0000,0.0000,0.0000,
241,812.67,12305.09,436.69,297.0000,65535.0000,978.0000,681.0000,0.0000,0.0000,0.0000,
242,812.79,12303.30,438.47,301.0000,65535.0000,964.0000,663.0000,0.0000,0.0000,0.0000,
243,812.91,12301.51,440.26,307.0000,65535.0000,958.0000,651.0000,0.0000,0.0000,0.0000,
244,813.03,12299.72,442.05,302.0000,65535.0000,932.0000,630.0000,0.0000,0.0000,0.0000,
245,813.14,12297.94,443.84,304.0000,65535.0000,955.0000,651.0000,0.0000,0.0000,0.0000,
246,813.26,12296.15,445.62,296.0000,65535.0000,959.0000,663.0000,0.0000,0.0000,0.0000,
247,813.38,12294.37,447.41,300.0000,65535.0000,911.0000,611.0000,0.0000,0.0000,0.0000,
248,813.50,12292.58,449.19,302.0000,65535.0000,944.0000,642.0000,0.0000,0.0000,0.0000,
249,813.62,12290.80,450.98,297.0000,65535.0000,927.0000,630.0000,0.0000,0.0000,0.0000,
250,813.73,12289.01,452.76,304.0000,65535.0000,938.0000,634.0000,0.0000,0.0000,0.0000,
251,813.85,12287.23,454.54,302.0000,65535.0000,938.0000,636.0000,0.0000,0.0000,0.0000,
252,813.97,12285.45,456.33,304.0000,65535.0000,902.0000,598.0000,0.0000,0.0000,0.0000,
253,814.09,12283.67,458.11,295.0000,65535.0000,915.0000,620.0000,0.0000,0.0000,0.0000,
254,814.21,12281.89,459.89,305.0000,65535.0000,906.0000,601.0000,0.0000,0.0000,0.0000,
255,814.33,12280.11,461.67,298.0000,65535.0000,900.0000,602.0000,0.0000,0.0000,0.0000,
256,814.44,12278.33,463.45,300.0000,65535.0000,909.0000,609.0000,0.0000,0.0000,0.0000,
257,814.56,12276.55,465.23,302.0000,65535.0000,889.0000,587.0000,0.0000,0.0000,0.0000,
258,814.68,12274.77,467.00,305.0000,65535.0000,926.0000,621.0000,0.0000,0.0000,0.0000,
259,814.80,12272.99,468.78,308.0000,65535.0000,875.0000,567.0000,0.0000,0.0000,0.0000,
260,814.92,12271.22,470.56,306.0000,65535.0000,872.0000,566.0000,0.0000,0.0000,0.0000,
261,815.03,12269.44,472.34,317.0000,65535.0000,908.0000,591.0000,0.0000,0.0000,0.0000,
262,815.15,12267.66,474.11,290.0000,65535.0000,895.0000,605.0000,0.0000,0.0000,0.0000,
263,815.27,12265.89,475.89,298.0000,65535.0000,913.0000,615.0000,0.0000,0.0000,0.0000,
264,815.39,12264.12,477.66,300.0000,65535.0000,888.0000,588.0000,0.0000,0.0000,0.0000,
265,815.50,12262.34,479.43,298.0000,65535.0000,900.0000,602.0000,0.0000,0.0000,0.0000,
266,815.62,12260.57,481.21,290.0000,65535.0000,880.0000,590.0000,0.0000,0.0000,0.0000,
267,815.74,12258.80,482.98,308.0000,65535.0000,908.0000,600.0000,0.0000,0.0000,0.0000,
268,815.86,12257.02,484.75,297.0000,65535.0000,922.0000,625.0000,0.0000,0.0000,0.0000,
269,815.98,12255.25,486.52,311.0000,65535.0000,915.0000,604.0000,0.0000,0.0000,0.0000,
270,816.09,12253.48,488.29,300.0000,65535.0000,887.0000,587.0000,0.0000,0.0000,0.0000,
271,816.21,12251.71,490.06,301.0000,65535.0000,908.0000,607.0000,0.0000,0.0000,0.0000,
272,816.33,12249.94,491.83,301.0000,65535.0000,869.0000,568.0000,0.0000,0.0000,0.0000,
273,816.45,12248.18,493.60,298.0000,65535.0000,887.0000,589.0000,0.0000,0.0000,0.0000,
274,816.57,12246.41,495.37,300.0000,65535.0000,867.0000,567.0000,0.0000,0.0000,0.0000,
275,816.68,12244.64,497.13,288.0000,65535.0000,876.0000,588.0000,0.0000,0.0000,0.0000,
276,816.80,12242.87,498.90,304.0000,65535.0000,830.0000,526.0000,0.0000,0.0000,0.0000,
277,816.92,12241.11,500.67,298.0000,65535.0000,815.0000,517.0000,0.0000,0.0000,0.0000,
278,817.04,12239.34,502.43,303.0000,65535.0000,837.0000,534.0000,0.0000,0.0000,0.0000,
279,817.16,12237.58,504.20,298.0000,65535.0000,786.0000,488.0000,0.0000,0.0000,0.0000,
280,817.27,12235.81,505.96,302.0000,65535.0000,786.0000,484.0000,0.0000,0.0000,0.0000,
281,817.39,12234.05,507.72,290.0000,65535.0000,778.0000,488.0000,0.0000,0.0000,0.0000,
282,817.51,12232.29,509.49,300.0000,65535.0000,748.0000,448.0000,0.0000,0.0000,0.0000,
283,817.63,12230.53,511.25,297.0000,65535.0000,760.0000,463.0000,0.0000,0.0000,0.0000,
284,817.74,12228.77,513.01,297.0000,65535.0000,768.0000,471.0000,0.0000,0.0000,0.0000,
285,817.86,12227.00,514.77,296.0000,65535.0000,744.0000,448.0000,0.0000,0.0000,0.0000,
286,817.98,12225.24,516.53,303.0000,65535.0000,755.0000,452.0000,0.0000,0.0000,0.0000,
287,818.10,12223.48,518.29,294.0000,65535.0000,719.0000,425.0000,0.0000,0.0000,0.0000,
288,818.22,12221.73,520.05,304.0000,65535.0000,710.0000,406.0000,0.0000,0.0000,0.0000,
289,818.33,12219.97,521.81,304.0000,65535.0000,708.0000,404.0000,0.0000,0.0000,0.0000,
290,818.45,12218.21,523.56,301.0000,65535.0000,712.0000,411.0000,0.0000,0.0000,0.0000,
291,818.57,12216.45,525.32,300.0000,65535.0000,706.0000,406.0000,0.0000,0.0000,0.0000,
292,818.69,12214.70,527.08,301.0000,65535.0000,698.0000,397.0000,0.0000,0.0000,0.0000,
293,818.80,12212.94,528.83,299.0000,65535.0000,704.0000,405.0000,0.0000,0.0000,0.0000,
294,818.92,12211.19,530.59,306.0000,65535.0000,686.0000,380.0000,0.0000,0.0000,0.0000,
295,819.04,12209.43,532.34,302.0000,65535.0000,660.0000,358.0000,0.0000,0.0000,0.0000,
296,819.16,12207.68,534.10,310.0000,65535.0000,668.0000,358.0000,0.0000,0.0000,0.0000,
297,819.27,12205.93,535.85,294.0000,65535.0000,660.0000,366.0000,0.0000,0.0000,0.0000,
298,819.39,12204.17,537.60,304.0000,65535.0000,672.0000,368.0000,0.0000,0.0000,0.0000,
299,819.51,12202.42,539.35,304.0000,65535.0000,668.0000,364.0000,0.0000,0.0000,0.0000,
300,819.63,12200.67,541.10,302.0000,65535.0000,669.0000,367.0000,0.0000,0.0000,0.0000,
301,819.74,12198.92,542.86,315.0000,65535.0000,660.0000,345.0000,0.0000,0.0000,0.0000,
302,819.86,12197.17,544.61,304.0000,65535.0000,656.0000,352.0000,0.0000,0.0000,0.0000,
303,819.98,12195.42,546.35,314.0000,65535.0000,649.0000,335.0000,0.0000,0.0000,0.0000,
304,820.10,12193.67,548.10,306.0000,65535.0000,656.0000,350.0000,0.0000,0.0000,0.0000,
305,820.22,12191.92,549.85,305.0000,65535.0000,635.0000,330.0000,0.0000,0.0000,0.0000,
306,820.33,12190.18,551.60,300.0000,65535.0000,638.0000,338.0000,0.0000,0.0000,0.0000,
307,820.45,12188.43,553.34,310.0000,65535.0000,628.0000,318.0000,0.0000,0.0000,0.0000,
308,820.57,12186.68,555.09,298.0000,65535.0000,640.0000,342.0000,0.0000,0.0000,0.0000,
309,820.69,12184.94,556.84,308.0000,65535.0000,645.0000,337.0000,0.0000,0.0000,0.0000,
310,820.80,12183.19,558.58,303.0000,65535.0000,642.0000,339.0000,0.0000,0.0000,0.0000,
311,820.92,12181.45,560.33,301.0000,65535.0000,649.0000,348.0000,0.0000,0.0000,0.0000,
312,821.04,12179.71,562.07,300.0000,65535.0000,640.0000,340.0000,0.0000,0.0000,0.0000,
313,821.16,12177.96,563.81,302.0000,65535.0000,636.0000,334.0000,0.0000,0.0000,0.0000,
314,821.27,12176.22,565.55,301.0000,65535.0000,648.0000,347.0000,0.0000,0.0000,0.0000,
315,821.39,12174.48,567.30,298.0000,65535.0000,634.0000,336.0000,0.0000,0.0000,0.0000,
316,821.51,12172.74,569.04,302.0000,65535.0000,618.0000,316.0000,0.0000,0.0000,0.0000,
317,821.63,12171.00,570.78,311.0000,65535.0000,633.0000,322.0000,0.0000,0.0000,0.0000,
318,821.74,12169.26,572.52,292.0000,65535.0000,619.0000,327.0000,0.0000,0.0000,0.0000,
319,821.86,12167.52,574.26,296.0000,65535.0000,627.0000,331.0000,0.0000,0.0000,0.0000,
320,821.98,12165.78,575.99,303.0000,65535.0000,625.0000,322.0000,0.0000,0.0000,0.0000,
321,822.10,12164.04,577.73,296.0000,65535.0000,609.0000,313.0000,0.0000,0.0000,0.0000,
322,822.21,12162.31,579.47,290.0000,65535.0000,630.0000,340.0000,0.0000,0.0000,0.0000,
323,822.33,12160.57,581.20,298.0000,65535.0000,626.0000,328.0000,0.0000,0.0000,0.0000,
324,822.45,12158.83,582.94,299.0000,65535.0000,626.0000,327.0000,0.0000,0.0000,0.0000,
325,822.56,12157.10,584.68,296.0000,65535.0000,631.0000,335.0000,0.0000,0.0000,0.0000,
326,822.68,12155.36,586.41,306.0000,65535.0000,624.0000,318.0000,0.0000,0.0000,0.0000,
327,822.80,12153.63,588.14,297.0000,65535.0000,626.0000,329.0000,0.0000,0.0000,0.0000,
328,822.92,12151.90,589.88,307.0000,65535.0000,634.0000,327.0000,0.0000,0.0000,0.0000,
329,823.03,12150.16,591.61,296.0000,65535.0000,630.0000,334.0000,0.0000,0.0000,0.0000,
330,823.15,12148.43,593.34,302.0000,65535.0000,632.0000,330.0000,0.0000,0.0000,0.0000,
331,823.27,12146.70,595.07,297.0000,65535.0000,625.0000,328.0000,0.0000,0.0000,0.0000,
332,823.39,12144.97,596.80,307.0000,65535.0000,634.0000,327.0000,0.0000,0.0000,0.0000,
333,823.50,12143.24,598.54,301.0000,65535.0000,628.0000,327.0000,0.0000,0.0000,0.0000,
334,823.62,12141.51,600.26,302.0000,65535.0000,640.0000,338.0000,0.0000,0.0000,0.0000,
335,823.74,12139.78,601.99,298.0000,65535.0000,628.0000,330.0000,0.0000,0.0000,0.0000,
336,823.86,12138.05,603.72,314.0000,65535.0000,645.0000,331.0000,0.0000,0.0000,0.0000,
337,823.97,12136.33,605.45,296.0000,65535.0000,636.0000,340.0000,0.0000,0.0000,0.0000,
338,824.09,12134.60,607.18,298.0000,65535.0000,620.0000,322.0000,0.0000,0.0000,0.0000,
339,824.21,12132.87,608.90,306.0000,65535.0000,625.0000,319.0000,0.0000,0.0000,0.0000,
340,824.32,12131.15,610.63,296.0000,65535.0000,638.0000,342.0000,0.0000,0.0000,0.0000,
341,824.44,12129.42,612.35,300.0000,65535.0000,645.0000,345.0000,0.0000,0.0000,0.0000,
342,824.56,12127.70,614.08,297.0000,65535.0000,647.0000,350.0000,0.0000,0.0000,0.0000,
343,824.68,12125.97,615.80,300.0000,65535.0000,618.0000,318.0000,0.0000,0.0000,0.0000,
344,824.79,12124.25,617.53,302.0000,65535.0000,616.0000,314.0000,0.0000,0.0000,0.0000,
345,824.91,12122.53,619.25,298.0000,65535.0000,630.0000,332.0000,0.0000,0.0000,0.0000,
346,825.03,12120.80,620.97,303.0000,65535.0000,637.0000,334.0000,0.0000,0.0000,0.0000,
347,825.14,12119.08,622.69,302.0000,65535.0000,612.0000,310.0000,0.0000,0.0000,0.0000,
348,825.26,12117.36,624.41,298.0000,65535.0000,616.0000,318.0000,0.0000,0.0000,0.0000,
349,825.38,12115.64,626.13,295.0000,65535.0000,608.0000,313.0000,0.0000,0.0000,0.0000,
350,825.50,12113.92,627.85,299.0000,65535.0000,616.0000,317.0000,0.0000,0.0000,0.0000,
351,825.61,12112.20,629.57,298.0000,65535.0000,584.0000,286.0000,0.0000,0.0000,0.0000,
352,825.73,12110.49,631.29,298.0000,65535.0000,603.0000,305.0000,0.0000,0.0000,0.0000,
353,825.85,12108.77,633.01,298.0000,65535.0000,612.0000,314.0000,0.0000,0.0000,0.0000,
354,825.96,12107.05,634.72,306.0000,65535.0000,608.0000,302.0000,0.0000,0.0000,0.0000,
355,826.08,12105.33,636.44,293.0000,65535.0000,606.0000,313.0000,0.0000,0.0000,0.0000,
356,826.20,12103.62,638.16,298.0000,65535.0000,612.0000,314.0000,0.0000,0.0000,0.0000,
357,826.32,12101.90,639.87,302.0000,65535.0000,621.0000,319.0000,0.0000,0.0000,0.0000,
358,826.43,12100.19,641.59,304.0000,65535.0000,593.0000,289.0000,0.0000,0.0000,0.0000,
359,826.55,12098.48,643.30,302.0000,65535.0000,590.0000,288.0000,0.0000,0.0000,0.0000,
360,826.67,12096.76,645.01,302.0000,65535.0000,602.0000,300.0000,0.0000,0.0000,0.0000,
361,826.78,12095.05,646.73,298.0000,65535.0000,584.0000,286.0000,0.0000,0.0000,0.0000,
362,826.90,12093.34,648.44,302.0000,65535.0000,598.0000,296.0000,0.0000,0.0000,0.0000,
363,827.02,12091.63,650.15,299.0000,65535.0000,578.0000,279.0000,0.0000,0.0000,0.0000,
364,827.14,12089.92,651.86,304.0000,65535.0000,577.0000,273.0000,0.0000,0.0000,0.0000,
365,827.25,12088.21,653.57,301.0000,65535.0000,588.0000,287.0000,0.0000,0.0000,0.0000,
366,827.37,12086.50,655.28,301.0000,65535.0000,578.0000,277.0000,0.0000,0.0000,0.0000,
367,827.49,12084.79,656.99,300.0000,65535.0000,570.0000,270.0000,0.0000,0.0000,0.0000,
368,827.60,12083.08,658.70,302.0000,65535.0000,574.0000,272.0000,0.0000,0.0000,0.0000,
369,827.72,12081.37,660.40,298.0000,65535.0000,580.0000,282.0000,0.0000,0.0000,0.0000,
370,827.84,12079.66,662.11,298.0000,65535.0000,566.0000,268.0000,0.0000,0.0000,0.0000,
371,827.95,12077.96,663.82,304.0000,65535.0000,576.0000,272.0000,0.0000,0.0000,0.0000,
372,828.07,12076.25,665.52,297.0000,65535.0000,569.0000,272.0000,0.0000,0.0000,0.0000,
373,828.19,12074.55,667.23,303.0000,65535.0000,587.0000,284.0000,0.0000,0.0000,0.0000,
374,828.31,12072.84,668.93,299.0000,65535.0000,572.0000,273.0000,0.0000,0.0000,0.0000,
375,828.42,12071.14,670.64,302.0000,65535.0000,563.0000,261.0000,0.0000,0.0000,0.0000,
376,828.54,12069.43,672.34,303.0000,65535.0000,568.0000,265.0000,0.0000,0.0000,0.0000,
377,828.66,12067.73,674.04,307.0000,65535.0000,562.0000,255.0000,0.0000,0.0000,0.0000,
378,828.77,12066.03,675.75,308.0000,65535.0000,582.0000,274.0000,0.0000,0.0000,0.0000,
379,828.89,12064.33,677.45,304.0000,65535.0000,566.0000,262.0000,0.0000,0.0000,0.0000,
380,829.01,12062.63,679.15,302.0000,65535.0000,572.0000,270.0000,0.0000,0.0000,0.0000,
381,829.12,12060.93,680.85,304.0000,65535.0000,544.0000,240.0000,0.0000,0.0000,0.0000,
382,829.24,12059.23,682.55,300.0000,65535.0000,578.0000,278.0000,0.0000,0.0000,0.0000,
383,829.36,12057.53,684.25,308.0000,65535.0000,573.0000,265.0000,0.0000,0.0000,0.0000,
384,829.47,12055.83,685.95,301.0000,65535.0000,582.0000,281.0000,0.0000,0.0000,0.0000,
385,829.59,12054.13,687.64,295.0000,65535.0000,560.0000,265.0000,0.0000,0.0000,0.0000,
386,829.71,12052.43,689.34,312.0000,65535.0000,586.0000,274.0000,0.0000,0.0000,0.0000,
387,829.82,12050.74,691.04,294.0000,65535.0000,592.0000,298.0000,0.0000,0.0000,0.0000,
388,829.94,12049.04,692.73,302.0000,65535.0000,562.0000,260.0000,0.0000,0.0000,0.0000,
389,830.06,12047.35,694.43,296.0000,65535.0000,561.0000,265.0000,0.0000,0.0000,0.0000,
390,830.18,12045.65,696.12,344.0000,65535.0000,596.0000,252.0000,0.0000,0.0000,0.0000,
391,830.29,12043.96,697.82,298.0000,65535.0000,558.0000,260.0000,0.0000,0.0000,0.0000,
392,830.41,12042.26,699.51,303.0000,65535.0000,559.0000,256.0000,0.0000,0.0000,0.0000,
393,830.53,12040.57,701.20,316.0000,65535.0000,594.0000,278.0000,0.0000,0.0000,0.0000,
394,830.64,12038.88,702.90,303.0000,65535.0000,554.0000,251.0000,0.0000,0.0000,0.0000,
395,830.76,12037.19,704.59,296.0000,65535.0000,570.0000,274.0000,0.0000,0.0000,0.0000,
396,830.88,12035.50,706.28,303.0000,65535.0000,557.0000,254.0000,0.0000,0.0000,0.0000,
397,830.99,12033.81,707.97,301.0000,65535.0000,572.0000,271.0000,0.0000,0.0000,0.0000,
398,831.11,12032.12,709.66,306.0000,65535.0000,551.0000,245.0000,0.0000,0.0000,0.0000,
399,831.23,12030.43,711.35,306.0000,65535.0000,572.0000,266.0000,0.0000,0.0000,0.0000,
400,831.34,12028.74,713.04,304.0000,65535.0000,544.0000,240.0000,0.0000,0.0000,0.0000,
401,831.46,12027.05,714.72,300.0000,65535.0000,586.0000,286.0000,0.0000,0.0000,0.0000,
402,831.58,12025.36,716.41,298.0000,65535.0000,556.0000,258.0000,0.0000,0.0000,0.0000,
403,831.69,12023.68,718.10,304.0000,65535.0000,562.0000,258.0000,0.0000,0.0000,0.0000,
404,831.81,12021.99,719.78,308.0000,65535.0000,590.0000,282.0000,0.0000,0.0000,0.0000,
405,831.93,12020.31,721.47,298.0000,65535.0000,568.0000,270.0000,0.0000,0.0000,0.0000,
406,832.04,12018.62,723.15,300.0000,65535.0000,567.0000,267.0000,0.0000,0.0000,0.0000,
407,832.16,12016.94,724.84,297.0000,65535.0000,576.0000,279.0000,0.0000,0.0000,0.0000,
408,832.28,12015.25,726.52,301.0000,65535.0000,557.0000,256.0000,0.0000,0.0000,0.0000,
409,832.39,12013.57,728.21,294.0000,65535.0000,570.0000,276.0000,0.0000,0.0000,0.0000,
410,832.51,12011.89,729.89,303.0000,65535.0000,575.0000,272.0000,0.0000,0.0000,0.0000,
411,832.63,12010.20,731.57,296.0000,65535.0000,562.0000,266.0000,0.0000,0.0000,0.0000,
412,832.74,12008.52,733.25,299.0000,65535.0000,555.0000,256.0000,0.0000,0.0000,0.0000,
413,832.86,12006.84,734.93,300.0000,65535.0000,546.0000,246.0000,0.0000,0.0000,0.0000,
414,832.97,12005.16,736.61,300.0000,65535.0000,549.0000,249.0000,0.0000,0.0000,0.0000,
415,833.09,12003.48,738.29,299.0000,65535.0000,552.0000,253.0000,0.0000,0.0000,0.0000,
416,833.21,12001.80,739.97,298.0000,65535.0000,557.0000,259.0000,0.0000,0.0000,0.0000,
417,833.32,12000.13,741.65,310.0000,65535.0000,568.0000,258.0000,0.0000,0.0000,0.0000,
418,833.44,11998.45,743.33,297.0000,65535.0000,544.0000,247.0000,0.0000,0.0000,0.0000,
419,833.56,11996.77,745.00,301.0000,65535.0000,563.0000,262.0000,0.0000,0.0000,0.0000,
420,833.67,11995.10,746.68,306.0000,65535.0000,564.0000,258.0000,0.0000,0.0000,0.0000,
421,833.79,11993.42,748.36,305.0000,65535.0000,533.0000,228.0000,0.0000,0.0000,0.0000,
422,833.91,11991.74,750.03,300.0000,65535.0000,557.0000,257.0000,0.0000,0.0000,0.0000,
423,834.02,11990.07,751.71,289.0000,65535.0000,558.0000,269.0000,0.0000,0.0000,0.0000,
424,834.14,11988.40,753.38,302.0000,65535.0000,557.0000,255.0000,0.0000,0.0000,0.0000,
425,834.26,11986.72,755.05,300.0000,65535.0000,554.0000,254.0000,0.0000,0.0000,0.0000,
426,834.37,11985.05,756.73,304.0000,65535.0000,540.0000,236.0000,0.0000,0.0000,0.0000,
427,834.49,11983.38,758.40,298.0000,65535.0000,540.0000,242.0000,0.0000,0.0000,0.0000,
428,834.61,11981.71,760.07,309.0000,65535.0000,550.0000,241.0000,0.0000,0.0000,0.0000,
429,834.72,11980.04,761.74,303.0000,65535.0000,548.0000,245.0000,0.0000,0.0000,0.0000,
430,834.84,11978.36,763.41,298.0000,65535.0000,545.0000,247.0000,0.0000,0.0000,0.0000,
431,834.95,11976.70,765.08,301.0000,65535.0000,532.0000,231.0000,0.0000,0.0000,0.0000,
432,835.07,11975.03,766.75,300.0000,65535.0000,538.0000,238.0000,0.0000,0.0000,0.0000,
433,835.19,11973.36,768.42,302.0000,65535.0000,549.0000,247.0000,0.0000,0.0000,0.0000,
434,835.30,11971.69,770.09,297.0000,65535.0000,540.0000,243.0000,0.0000,0.0000,0.0000,
435,835.42,11970.02,771.75,301.0000,65535.0000,558.0000,257.0000,0.0000,0.0000,0.0000,
436,835.54,11968.36,773.42,295.0000,65535.0000,568.0000,273.0000,0.0000,0.0000,0.0000,
437,835.65,11966.69,775.09,310.0000,65535.0000,570.0000,260.0000,0.0000,0.0000,0.0000,
438,835.77,11965.02,776.75,300.0000,65535.0000,575.0000,275.0000,0.0000,0.0000,0.0000,
439,835.89,11963.36,778.42,298.0000,65535.0000,573.0000,275.0000,0.0000,0.0000,0.0000,
440,836.00,11961.69,780.08,298.0000,65535.0000,575.0000,277.0000,0.0000,0.0000,0.0000,
441,836.12,11960.03,781.74,296.0000,65535.0000,574.0000,278.0000,0.0000,0.0000,0.0000,
442,836.23,11958.37,783.41,289.0000,65535.0000,580.0000,291.0000,0.0000,0.0000,0.0000,
443,836.35,11956.71,785.07,307.0000,65535.0000,577.0000,270.0000,0.0000,0.0000,0.0000,
444,836.47,11955.04,786.73,301.0000,65535.0000,590.0000,289.0000,0.0000,0.0000,0.0000,
445,836.58,11953.38,788.39,300.0000,65535.0000,578.0000,278.0000,0.0000,0.0000,0.0000,
446,836.70,11951.72,790.05,297.0000,65535.0000,582.0000,285.0000,0.0000,0.0000,0.0000,
447,836.82,11950.06,791.71,302.0000,65535.0000,578.0000,276.0000,0.0000,0.0000,0.0000,
448,836.93,11948.40,793.37,300.0000,65535.0000,575.0000,275.0000,0.0000,0.0000,0.0000,
449,837.05,11946.74,795.03,302.0000,65535.0000,561.0000,259.0000,0.0000,0.0000,0.0000,
450,837.16,11945.08,796.69,316.0000,65535.0000,580.0000,264.0000,0.0000,0.0000,0.0000,
451,837.28,11943.43,798.35,303.0000,65535.0000,562.0000,259.0000,0.0000,0.0000,0.0000,
452,837.40,11941.77,800.01,290.0000,65535.0000,566.0000,276.0000,0.0000,0.0000,0.0000,
453,837.51,11940.11,801.66,296.0000,65535.0000,558.0000,262.0000,0.0000,0.0000,0.0000,
454,837.63,11938.46,803.32,300.0000,65535.0000,586.0000,286.0000,0.0000,0.0000,0.0000,
455,837.75,11936.80,804.97,304.0000,65535.0000,590.0000,286.0000,0.0000,0.0000,0.0000,
456,837.86,11935.15,806.63,297.0000,65535.0000,588.0000,291.0000,0.0000,0.0000,0.0000,
457,837.98,11933.49,808.28,301.0000,65535.0000,570.0000,269.0000,0.0000,0.0000,0.0000,
458,838.09,11931.84,809.94,304.0000,65535.0000,581.0000,277.0000,0.0000,0.0000,0.0000,
459,838.21,11930.19,811.59,304.0000,65535.0000,576.0000,272.0000,0.0000,0.0000,0.0000,
460,838.33,11928.53,813.24,304.0000,65535.0000,574.0000,270.0000,0.0000,0.0000,0.0000,
461,838.44,11926.88,814.89,307.0000,65535.0000,586.0000,279.0000,0.0000,0.0000,0.0000,
462,838.56,11925.23,816.54,303.0000,65535.0000,572.0000,269.0000,0.0000,0.0000,0.0000,
463,838.67,11923.58,818.19,301.0000,65535.0000,566.0000,265.0000,0.0000,0.0000,0.0000,
464,838.79,11921.93,819.84,302.0000,65535.0000,559.0000,257.0000,0.0000,0.0000,0.0000,
465,838.91,11920.28,821.49,302.0000,65535.0000,588.0000,286.0000,0.0000,0.0000,0.0000,
466,839.02,11918.63,823.14,300.0000,65535.0000,586.0000,286.0000,0.0000,0.0000,0.0000,
467,839.14,11916.99,824.79,294.0000,65535.0000,584.0000,290.0000,0.0000,0.0000,0.0000,
468,839.25,11915.34,826.44,311.0000,65535.0000,582.0000,271.0000,0.0000,0.0000,0.0000,
469,839.37,11913.69,828.08,301.0000,65535.0000,568.0000,267.0000,0.0000,0.0000,0.0000,
470,839.49,11912.04,829.73,306.0000,65535.0000,557.0000,251.0000,0.0000,0.0000,0.0000,
471,839.60,11910.40,831.38,304.0000,65535.0000,561.0000,257.0000,0.0000,0.0000,0.0000,
472,839.72,11908.75,833.02,305.0000,65535.0000,551.0000,246.0000,0.0000,0.0000,0.0000,
473,839.83,11907.11,834.67,302.0000,65535.0000,548.0000,246.0000,0.0000,0.0000,0.0000,
474,839.95,11905.46,836.31,306.0000,65535.0000,566.0000,260.0000,0.0000,0.0000,0.0000,
475,840.07,11903.82,837.95,302.0000,65535.0000,552.0000,250.0000,0.0000,0.0000,0.0000,
476,840.18,11902.18,839.60,297.0000,65535.0000,550.0000,253.0000,0.0000,0.0000,0.0000,
477,840.30,11900.54,841.24,305.0000,65535.0000,546.0000,241.0000,0.0000,0.0000,0.0000,
478,840.41,11898.89,842.88,303.0000,65535.0000,532.0000,229.0000,0.0000,0.0000,0.0000,
479,840.53,11897.25,844.52,295.0000,65535.0000,539.0000,244.0000,0.0000,0.0000,0.0000,
480,840.65,11895.61,846.16,299.0000,65535.0000,533.0000,234.0000,0.0000,0.0000,0.0000,
481,840.76,11893.97,847.80,296.0000,65535.0000,530.0000,234.0000,0.0000,0.0000,0.0000,
482,840.88,11892.33,849.44,296.0000,65535.0000,524.0000,228.0000,0.0000,0.0000,0.0000,
483,840.99,11890.70,851.08,295.0000,65535.0000,541.0000,246.0000,0.0000,0.0000,0.0000,
484,841.11,11889.06,852.72,303.0000,65535.0000,529.0000,226.0000,0.0000,0.0000,0.0000,
485,841.23,11887.42,854.36,296.0000,65535.0000,521.0000,225.0000,0.0000,0.0000,0.0000,
486,841.34,11885.78,855.99,299.0000,65535.0000,526.0000,227.0000,0.0000,0.0000,0.0000,
487,841.46,11884.15,857.63,302.0000,65535.0000,511.0000,209.0000,0.0000,0.0000,0.0000,
488,841.57,11882.51,859.26,304.0000,65535.0000,510.0000,206.0000,0.0000,0.0000,0.0000,
489,841.69,11880.88,860.90,302.0000,65535.0000,522.0000,220.0000,0.0000,0.0000,0.0000,
490,841.80,11879.24,862.53,300.0000,65535.0000,520.0000,220.0000,0.0000,0.0000,0.0000,
491,841.92,11877.61,864.17,306.0000,65535.0000,520.0000,214.0000,0.0000,0.0000,0.0000,
492,842.04,11875.97,865.80,300.0000,65535.0000,512.0000,212.0000,0.0000,0.0000,0.0000,
493,842.15,11874.34,867.43,308.0000,65535.0000,508.0000,200.0000,0.0000,0.0000,0.0000,
494,842.27,11872.71,869.07,300.0000,65535.0000,499.0000,199.0000,0.0000,0.0000,0.0000,
495,842.38,11871.08,870.70,308.0000,65535.0000,522.0000,214.0000,0.0000,0.0000,0.0000,
496,842.50,11869.45,872.33,296.0000,65535.0000,513.0000,217.0000,0.0000,0.0000,0.0000,
497,842.62,11867.82,873.96,304.0000,65535.0000,514.0000,210.0000,0.0000,0.0000,0.0000,
498,842.73,11866.19,875.59,294.0000,65535.0000,522.0000,228.0000,0.0000,0.0000,0.0000,
499,842.85,11864.56,877.22,298.0000,65535.0000,518.0000,220.0000,0.0000,0.0000,0.0000,
500,842.96,11862.93,878.85,304.0000,65535.0000,515.0000,211.0000,0.0000,0.0000,0.0000,
501,843.08,11861.30,880.47,304.0000,65535.0000,508.0000,204.0000,0.0000,0.0000,0.0000,
502,843.19,11859.67,882.10,295.0000,65535.0000,511.0000,216.0000,0.0000,0.0000,0.0000,
503,843.31,11858.05,883.73,303.0000,65535.0000,522.0000,219.0000,0.0000,0.0000,0.0000,
504,843.42,11856.42,885.36,305.0000,65535.0000,519.0000,214.0000,0.0000,0.0000,0.0000,
505,843.54,11854.79,886.98,292.0000,65535.0000,514.0000,222.0000,0.0000,0.0000,0.0000,
506,843.66,11853.17,888.61,307.0000,65535.0000,512.0000,205.0000,0.0000,0.0000,0.0000,
507,843.77,11851.54,890.23,296.0000,65535.0000,517.0000,221.0000,0.0000,0.0000,0.0000,
508,843.89,11849.92,891.85,300.0000,65535.0000,515.0000,215.0000,0.0000,0.0000,0.0000,
509,844.00,11848.30,893.48,307.0000,65535.0000,529.0000,222.0000,0.0000,0.0000,0.0000,
510,844.12,11846.67,895.10,304.0000,65535.0000,505.0000,201.0000,0.0000,0.0000,0.0000,
511,844.23,11845.05,896.72,297.0000,65535.0000,524.0000,227.0000,0.0000,0.0000,0.0000,
512,844.35,11843.43,898.34,306.0000,65535.0000,510.0000,204.0000,0.0000,0.0000,0.0000,
513,844.47,11841.81,899.97,306.0000,65535.0000,507.0000,201.0000,0.0000,0.0000,0.0000,
514,844.58,11840.19,901.59,299.0000,65535.0000,516.0000,217.0000,0.0000,0.0000,0.0000,
515,844.70,11838.57,903.21,303.0000,65535.0000,514.0000,211.0000,0.0000,0.0000,0.0000,
516,844.81,11836.95,904.83,297.0000,65535.0000,521.0000,224.0000,0.0000,0.0000,0.0000,
517,844.93,11835.33,906.44,297.0000,65535.0000,513.0000,216.0000,0.0000,0.0000,0.0000,
518,845.04,11833.71,908.06,295.0000,65535.0000,509.0000,214.0000,0.0000,0.0000,0.0000,
519,845.16,11832.10,909.68,302.0000,65535.0000,517.0000,215.0000,0.0000,0.0000,0.0000,
520,845.27,11830.48,911.30,300.0000,65535.0000,486.0000,186.0000,0.0000,0.0000,0.0000,
521,845.39,11828.86,912.91,305.0000,65535.0000,520.0000,215.0000,0.0000,0.0000,0.0000,
522,845.51,11827.25,914.53,305.0000,65535.0000,516.0000,211.0000,0.0000,0.0000,0.0000,
523,845.62,11825.63,916.14,301.0000,65535.0000,502.0000,201.0000,0.0000,0.0000,0.0000,
524,845.74,11824.02,917.76,301.0000,65535.0000,512.0000,211.0000,0.0000,0.0000,0.0000,
525,845.85,11822.40,919.37,303.0000,65535.0000,515.0000,212.0000,0.0000,0.0000,0.0000,
526,845.97,11820.79,920.99,300.0000,65535.0000,503.0000,203.0000,0.0000,0.0000,0.0000,
527,846.08,11819.18,922.60,300.0000,65535.0000,498.0000,198.0000,0.0000,0.0000,0.0000,
528,846.20,11817.56,924.21,309.0000,65535.0000,521.0000,212.0000,0.0000,0.0000,0.0000,
529,846.31,11815.95,925.82,297.0000,65535.0000,522.0000,225.0000,0.0000,0.0000,0.0000,
530,846.43,11814.34,927.43,297.0000,65535.0000,511.0000,214.0000,0.0000,0.0000,0.0000,
531,846.54,11812.73,929.04,298.0000,65535.0000,497.0000,199.0000,0.0000,0.0000,0.0000,
532,846.66,11811.12,930.65,304.0000,65535.0000,512.0000,208.0000,0.0000,0.0000,0.0000,
533,846.78,11809.51,932.26,299.0000,65535.0000,502.0000,203.0000,0.0000,0.0000,0.0000,
534,846.89,11807.90,933.87,295.0000,65535.0000,502.0000,207.0000,0.0000,0.0000,0.0000,
535,847.01,11806.29,935.48,299.0000,65535.0000,494.0000,195.0000,0.0000,0.0000,0.0000,
536,847.12,11804.69,937.09,294.0000,65535.0000,504.0000,210.0000,0.0000,0.0000,0.0000,
537,847.24,11803.08,938.70,306.0000,65535.0000,511.0000,205.0000,0.0000,0.0000,0.0000,
538,847.35,11801.47,940.30,299.0000,65535.0000,507.0000,208.0000,0.0000,0.0000,0.0000,
539,847.47,11799.87,941.91,301.0000,65535.0000,507.0000,206.0000,0.0000,0.0000,0.0000,
540,847.58,11798.26,943.51,299.0000,65535.0000,512.0000,213.0000,0.0000,0.0000,0.0000,
541,847.70,11796.66,945.12,300.0000,65535.0000,500.0000,200.0000,0.0000,0.0000,0.0000,
542,847.81,11795.05,946.72,301.0000,65535.0000,489.0000,188.0000,0.0000,0.0000,0.0000,
543,847.93,11793.45,948.33,297.0000,65535.0000,489.0000,192.0000,0.0000,0.0000,0.0000,
544,848.04,11791.85,949.93,301.0000,65535.0000,492.0000,191.0000,0.0000,0.0000,0.0000,
545,848.16,11790.24,951.53,300.0000,65535.0000,486.0000,186.0000,0.0000,0.0000,0.0000,
546,848.27,11788.64,953.13,299.0000,65535.0000,502.0000,203.0000,0.0000,0.0000,0.0000,
547,848.39,11787.04,954.74,300.0000,65535.0000,505.0000,205.0000,0.0000,0.0000,0.0000,
548,848.50,11785.44,956.34,300.0000,65535.0000,497.0000,197.0000,0.0000,0.0000,0.0000,
549,848.62,11783.84,957.94,300.0000,65535.0000,491.0000,191.0000,0.0000,0.0000,0.0000,
550,848.74,11782.24,959.54,308.0000,65535.0000,507.0000,199.0000,0.0000,0.0000,0.0000,
551,848.85,11780.64,961.14,302.0000,65535.0000,488.0000,186.0000,0.0000,0.0000,0.0000,
552,848.97,11779.04,962.73,298.0000,65535.0000,485.0000,187.0000,0.0000,0.0000,0.0000,
553,849.08,11777.44,964.33,308.0000,65535.0000,484.0000,176.0000,0.0000,0.0000,0.0000,
554,849.20,11775.85,965.93,300.0000,65535.0000,508.0000,208.0000,0.0000,0.0000,0.0000,
555,849.31,11774.25,967.53,301.0000,65535.0000,490.0000,189.0000,0.0000,0.0000,0.0000,
556,849.43,11772.65,969.12,292.0000,65535.0000,486.0000,194.0000,0.0000,0.0000,0.0000,
557,849.54,11771.06,970.72,302.0000,65535.0000,468.0000,166.0000,0.0000,0.0000,0.0000,
558,849.66,11769.46,972.31,299.0000,65535.0000,496.0000,197.0000,0.0000,0.0000,0.0000,
559,849.77,11767.87,973.91,298.0000,65535.0000,487.0000,189.0000,0.0000,0.0000,0.0000,
560,849.89,11766.27,975.50,310.0000,65535.0000,508.0000,198.0000,0.0000,0.0000,0.0000,
561,850.00,11764.68,977.09,300.0000,65535.0000,497.0000,197.0000,0.0000,0.0000,0.0000,
562,850.12,11763.09,978.69,300.0000,65535.0000,481.0000,181.0000,0.0000,0.0000,0.0000,
563,850.23,11761.50,980.28,345.0000,65535.0000,528.0000,183.0000,0.0000,0.0000,0.0000,
564,850.35,11759.90,981.87,301.0000,65535.0000,494.0000,193.0000,0.0000,0.0000,0.0000,
565,850.46,11758.31,983.46,295.0000,65535.0000,501.0000,206.0000,0.0000,0.0000,0.0000,
566,850.58,11756.72,985.05,298.0000,65535.0000,488.0000,190.0000,0.0000,0.0000,0.0000,
567,850.69,11755.13,986.64,298.0000,65535.0000,494.0000,196.0000,0.0000,0.0000,0.0000,
568,850.81,11753.54,988.23,300.0000,65535.0000,514.0000,214.0000,0.0000,0.0000,0.0000,
569,850.92,11751.96,989.82,300.0000,65535.0000,493.0000,193.0000,0.0000,0.0000,0.0000,
570,851.04,11750.37,991.41,306.0000,65535.0000,482.0000,176.0000,0.0000,0.0000,0.0000,
571,851.15,11748.78,993.00,301.0000,65535.0000,491.0000,190.0000,0.0000,0.0000,0.0000,
572,851.27,11747.19,994.58,306.0000,65535.0000,502.0000,196.0000,0.0000,0.0000,0.0000,
573,851.38,11745.61,996.17,302.0000,65535.0000,473.0000,171.0000,0.0000,0.0000,0.0000,
574,851.50,11744.02,997.75,304.0000,65535.0000,490.0000,186.0000,0.0000,0.0000,0.0000,
575,851.61,11742.44,999.34,302.0000,65535.0000,489.0000,187.0000,0.0000,0.0000,0.0000,
576,851.73,11740.85,1000.92,299.0000,65535.0000,482.0000,183.0000,0.0000,0.0000,0.0000,
577,851.84,11739.27,1002.51,296.0000,65535.0000,499.0000,203.0000,0.0000,0.0000,0.0000,
578,851.96,11737.68,1004.09,296.0000,65535.0000,491.0000,195.0000,0.0000,0.0000,0.0000,
579,852.07,11736.10,1005.68,293.0000,65535.0000,480.0000,187.0000,0.0000,0.0000,0.0000,
580,852.19,11734.52,1007.26,305.0000,65535.0000,500.0000,195.0000,0.0000,0.0000,0.0000,
581,852.30,11732.94,1008.84,320.0000,65535.0000,482.0000,162.0000,0.0000,0.0000,0.0000,
582,852.42,11731.35,1010.42,300.0000,65535.0000,476.0000,176.0000,0.0000,0.0000,0.0000,
583,852.53,11729.77,1012.00,300.0000,65535.0000,496.0000,196.0000,0.0000,0.0000,0.0000,
584,852.65,11728.19,1013.58,296.0000,65535.0000,476.0000,180.0000,0.0000,0.0000,0.0000,
585,852.76,11726.61,1015.16,300.0000,65535.0000,476.0000,176.0000,0.0000,0.0000,0.0000,
586,852.88,11725.03,1016.74,300.0000,65535.0000,473.0000,173.0000,0.0000,0.0000,0.0000,
587,852.99,11723.46,1018.32,304.0000,65535.0000,501.0000,197.0000,0.0000,0.0000,0.0000,
588,853.11,11721.88,1019.90,306.0000,65535.0000,488.0000,182.0000,0.0000,0.0000,0.0000,
589,853.22,11720.30,1021.47,303.0000,65535.0000,490.0000,187.0000,0.0000,0.0000,0.0000,
590,853.34,11718.72,1023.05,301.0000,65535.0000,487.0000,186.0000,0.0000,0.0000,0.0000,
591,853.45,11717.15,1024.63,302.0000,65535.0000,506.0000,204.0000,0.0000,0.0000,0.0000,
592,853.56,11715.57,1026.20,294.0000,65535.0000,496.0000,202.0000,0.0000,0.0000,0.0000,
593,853.68,11714.00,1027.78,306.0000,65535.0000,493.0000,187.0000,0.0000,0.0000,0.0000,
594,853.79,11712.42,1029.35,306.0000,65535.0000,492.0000,186.0000,0.0000,0.0000,0.0000,
595,853.91,11710.85,1030.93,300.0000,65535.0000,490.0000,190.0000,0.0000,0.0000,0.0000,
596,854.02,11709.27,1032.50,304.0000,65535.0000,486.0000,182.0000,0.0000,0.0000,0.0000,
597,854.14,11707.70,1034.07,301.0000,65535.0000,496.0000,195.0000,0.0000,0.0000,0.0000,
598,854.25,11706.13,1035.65,311.0000,65535.0000,486.0000,175.0000,0.0000,0.0000,0.0000,
599,854.37,11704.56,1037.22,300.0000,65535.0000,488.0000,188.0000,0.0000,0.0000,0.0000,
600,854.48,11702.99,1038.79,306.0000,65535.0000,480.0000,174.0000,0.0000,0.0000,0.0000,
601,854.60,11701.42,1040.36,303.0000,65535.0000,491.0000,188.0000,0.0000,0.0000,0.0000,
602,854.71,11699.85,1041.93,301.0000,65535.0000,486.0000,185.0000,0.0000,0.0000,0.0000,
603,854.83,11698.28,1043.50,301.0000,65535.0000,493.0000,192.0000,0.0000,0.0000,0.0000,
604,854.94,11696.71,1045.07,310.0000,65535.0000,480.0000,170.0000,0.0000,0.0000,0.0000,
605,855.06,11695.14,1046.64,305.0000,65535.0000,476.0000,171.0000,0.0000,0.0000,0.0000,
606,855.17,11693.57,1048.20,302.0000,65535.0000,490.0000,188.0000,0.0000,0.0000,0.0000,
607,855.29,11692.00,1049.77,300.0000,65535.0000,492.0000,192.0000,0.0000,0.0000,0.0000,
608,855.40,11690.44,1051.34,300.0000,65535.0000,488.0000,188.0000,0.0000,0.0000,0.0000,
609,855.51,11688.87,1052.90,301.0000,65535.0000,502.0000,201.0000,0.0000,0.0000,0.0000,
610,855.63,11687.31,1054.47,299.0000,65535.0000,484.0000,185.0000,0.0000,0.0000,0.0000,
611,855.74,11685.74,1056.03,301.0000,65535.0000,468.0000,167.0000,0.0000,0.0000,0.0000,
612,855.86,11684.18,1057.60,301.0000,65535.0000,486.0000,185.0000,0.0000,0.0000,0.0000,
613,855.97,11682.61,1059.16,304.0000,65535.0000,486.0000,182.0000,0.0000,0.0000,0.0000,
614,856.09,11681.05,1060.73,307.0000,65535.0000,482.0000,175.0000,0.0000,0.0000,0.0000,
615,856.20,11679.49,1062.29,301.0000,65535.0000,477.0000,176.0000,0.0000,0.0000,0.0000,
616,856.32,11677.92,1063.85,299.0000,65535.0000,481.0000,182.0000,0.0000,0.0000,0.0000,
617,856.43,11676.36,1065.41,299.0000,65535.0000,500.0000,201.0000,0.0000,0.0000,0.0000,
618,856.55,11674.80,1066.97,290.0000,65535.0000,476.0000,186.0000,0.0000,0.0000,0.0000,
619,856.66,11673.24,1068.53,300.0000,65535.0000,484.0000,184.0000,0.0000,0.0000,0.0000,
620,856.77,11671.68,1070.09,299.0000,65535.0000,480.0000,181.0000,0.0000,0.0000,0.0000,
621,856.89,11670.12,1071.65,295.0000,65535.0000,485.0000,190.0000,0.0000,0.0000,0.0000,
622,857.00,11668.56,1073.21,307.0000,65535.0000,492.0000,185.0000,0.0000,0.0000,0.0000,
623,857.12,11667.00,1074.77,299.0000,65535.0000,486.0000,187.0000,0.0000,0.0000,0.0000,
624,857.23,11665.45,1076.33,301.0000,65535.0000,476.0000,175.0000,0.0000,0.0000,0.0000,
625,857.35,11663.89,1077.89,298.0000,65535.0000,477.0000,179.0000,0.0000,0.0000,0.0000,
626,857.46,11662.33,1079.44,306.0000,65535.0000,471.0000,165.0000,0.0000,0.0000,0.0000,
627,857.58,11660.78,1081.00,304.0000,65535.0000,494.0000,190.0000,0.0000,0.0000,0.0000,
628,857.69,11659.22,1082.55,290.0000,65535.0000,470.0000,180.0000,0.0000,0.0000,0.0000,
629,857.80,11657.67,1084.11,307.0000,65535.0000,496.0000,189.0000,0.0000,0.0000,0.0000,
630,857.92,11656.11,1085.66,295.0000,65535.0000,478.0000,183.0000,0.0000,0.0000,0.0000,
631,858.03,11654.56,1087.22,300.0000,65535.0000,462.0000,162.0000,0.0000,0.0000,0.0000,
632,858.15,11653.01,1088.77,298.0000,65535.0000,472.0000,174.0000,0.0000,0.0000,0.0000,
633,858.26,11651.45,1090.32,302.0000,65535.0000,483.0000,181.0000,0.0000,0.0000,0.0000,
634,858.38,11649.90,1091.87,295.0000,65535.0000,476.0000,181.0000,0.0000,0.0000,0.0000,
635,858.49,11648.35,1093.43,303.0000,65535.0000,471.0000,168.0000,0.0000,0.0000,0.0000,
636,858.61,11646.80,1094.98,299.0000,65535.0000,484.0000,185.0000,0.0000,0.0000,0.0000,
637,858.72,11645.25,1096.53,297.0000,65535.0000,476.0000,179.0000,0.0000,0.0000,0.0000,
638,858.83,11643.70,1098.08,300.0000,65535.0000,476.0000,176.0000,0.0000,0.0000,0.0000,
639,858.95,11642.15,1099.63,300.0000,65535.0000,472.0000,172.0000,0.0000,0.0000,0.0000,
640,859.06,11640.60,1101.18,295.0000,65535.0000,476.0000,181.0000,0.0000,0.0000,0.0000,
641,859.18,11639.05,1102.72,299.0000,65535.0000,463.0000,164.0000,0.0000,0.0000,0.0000,
642,859.29,11637.50,1104.27,303.0000,65535.0000,465.0000,162.0000,0.0000,0.0000,0.0000,
643,859.41,11635.96,1105.82,295.0000,65535.0000,473.0000,178.0000,0.0000,0.0000,0.0000,
644,859.52,11634.41,1107.37,298.0000,65535.0000,482.0000,184.0000,0.0000,0.0000,0.0000,
645,859.63,11632.86,1108.91,298.0000,65535.0000,472.0000,174.0000,0.0000,0.0000,0.0000,
646,859.75,11631.32,1110.46,300.0000,65535.0000,462.0000,162.0000,0.0000,0.0000,0.0000,
647,859.86,11629.77,1112.00,302.0000,65535.0000,490.0000,188.0000,0.0000,0.0000,0.0000,
648,859.98,11628.23,1113.55,305.0000,65535.0000,460.0000,155.0000,0.0000,0.0000,0.0000,
649,860.09,11626.69,1115.09,294.0000,65535.0000,454.0000,160.0000,0.0000,0.0000,0.0000,
650,860.20,11625.14,1116.63,294.0000,65535.0000,473.0000,179.0000,0.0000,0.0000,0.0000,
651,860.32,11623.60,1118.18,300.0000,65535.0000,468.0000,168.0000,0.0000,0.0000,0.0000,
652,860.43,11622.06,1119.72,304.0000,65535.0000,480.0000,176.0000,0.0000,0.0000,0.0000,
653,860.55,11620.52,1121.26,296.0000,65535.0000,458.0000,162.0000,0.0000,0.0000,0.0000,
654,860.66,11618.97,1122.80,296.0000,65535.0000,470.0000,174.0000,0.0000,0.0000,0.0000,
655,860.78,11617.43,1124.34,301.0000,65535.0000,473.0000,172.0000,0.0000,0.0000,0.0000,
656,860.89,11615.89,1125.88,300.0000,65535.0000,466.0000,166.0000,0.0000,0.0000,0.0000,
657,861.00,11614.35,1127.42,297.0000,65535.0000,470.0000,173.0000,0.0000,0.0000,0.0000,
658,861.12,11612.82,1128.96,305.0000,65535.0000,448.0000,143.0000,0.0000,0.0000,0.0000,
659,861.23,11611.28,1130.50,304.0000,65535.0000,469.0000,165.0000,0.0000,0.0000,0.0000,
660,861.35,11609.74,1132.04,299.0000,65535.0000,462.0000,163.0000,0.0000,0.0000,0.0000,
661,861.46,11608.20,1133.57,305.0000,65535.0000,461.0000,156.0000,0.0000,0.0000,0.0000,
662,861.57,11606.67,1135.11,302.0000,65535.0000,473.0000,171.0000,0.0000,0.0000,0.0000,
663,861.69,11605.13,1136.65,308.0000,65535.0000,474.0000,166.0000,0.0000,0.0000,0.0000,
664,861.80,11603.59,1138.18,302.0000,65535.0000,470.0000,168.0000,0.0000,0.0000,0.0000,
665,861.92,11602.06,1139.72,295.0000,65535.0000,460.0000,165.0000,0.0000,0.0000,0.0000,
666,862.03,11600.52,1141.25,294.0000,65535.0000,460.0000,166.0000,0.0000,0.0000,0.0000,
667,862.14,11598.99,1142.79,297.0000,65535.0000,454.0000,157.0000,0.0000,0.0000,0.0000,
668,862.26,11597.46,1144.32,295.0000,65535.0000,468.0000,173.0000,0.0000,0.0000,0.0000,
669,862.37,11595.92,1145.85,304.0000,65535.0000,448.0000,144.0000,0.0000,0.0000,0.0000,
670,862.49,11594.39,1147.38,296.0000,65535.0000,458.0000,162.0000,0.0000,0.0000,0.0000,
671,862.60,11592.86,1148.92,300.0000,65535.0000,470.0000,170.0000,0.0000,0.0000,0.0000,
672,862.71,11591.33,1150.45,301.0000,65535.0000,464.0000,163.0000,0.0000,0.0000,0.0000,
673,862.83,11589.80,1151.98,307.0000,65535.0000,459.0000,152.0000,0.0000,0.0000,0.0000,
674,862.94,11588.27,1153.51,298.0000,65535.0000,471.0000,173.0000,0.0000,0.0000,0.0000,
675,863.06,11586.74,1155.04,304.0000,65535.0000,472.0000,168.0000,0.0000,0.0000,0.0000,
676,863.17,11585.21,1156.57,306.0000,65535.0000,466.0000,160.0000,0.0000,0.0000,0.0000,
677,863.28,11583.68,1158.09,302.0000,65535.0000,460.0000,158.0000,0.0000,0.0000,0.0000,
678,863.40,11582.15,1159.62,302.0000,65535.0000,458.0000,156.0000,0.0000,0.0000,0.0000,
679,863.51,11580.63,1161.15,296.0000,65535.0000,474.0000,178.0000,0.0000,0.0000,0.0000,
680,863.63,11579.10,1162.68,308.0000,65535.0000,467.0000,159.0000,0.0000,0.0000,0.0000,
681,863.74,11577.57,1164.20,309.0000,65535.0000,466.0000,157.0000,0.0000,0.0000,0.0000,
682,863.85,11576.05,1165.73,303.0000,65535.0000,465.0000,162.0000,0.0000,0.0000,0.0000,
683,863.97,11574.52,1167.25,300.0000,65535.0000,462.0000,162.0000,0.0000,0.0000,0.0000,
684,864.08,11573.00,1168.78,304.0000,65535.0000,465.0000,161.0000,0.0000,0.0000,0.0000,
685,864.19,11571.47,1170.30,299.0000,65535.0000,466.0000,167.0000,0.0000,0.0000,0.0000,
686,864.31,11569.95,1171.83,298.0000,65535.0000,465.0000,167.0000,0.0000,0.0000,0.0000,
687,864.42,11568.43,1173.35,300.0000,65535.0000,474.0000,174.0000,0.0000,0.0000,0.0000,
688,864.54,11566.90,1174.87,301.0000,65535.0000,465.0000,164.0000,0.0000,0.0000,0.0000,
689,864.65,11565.38,1176.39,299.0000,65535.0000,462.0000,163.0000,0.0000,0.0000,0.0000,
690,864.76,11563.86,1177.92,304.0000,65535.0000,454.0000,150.0000,0.0000,0.0000,0.0000,
691,864.88,11562.34,1179.44,297.0000,65535.0000,450.0000,153.0000,0.0000,0.0000,0.0000,
692,864.99,11560.82,1180.96,304.0000,65535.0000,465.0000,161.0000,0.0000,0.0000,0.0000,
693,865.10,11559.30,1182.48,302.0000,65535.0000,456.0000,154.0000,0.0000,0.0000,0.0000,
694,865.22,11557.78,1184.00,300.0000,65535.0000,446.0000,146.0000,0.0000,0.0000,0.0000,
695,865.33,11556.26,1185.51,289.0000,65535.0000,451.0000,162.0000,0.0000,0.0000,0.0000,
696,865.45,11554.74,1187.03,300.0000,65535.0000,458.0000,158.0000,0.0000,0.0000,0.0000,
697,865.56,11553.23,1188.55,302.0000,65535.0000,462.0000,160.0000,0.0000,0.0000,0.0000,
698,865.67,11551.71,1190.07,303.0000,65535.0000,460.0000,157.0000,0.0000,0.0000,0.0000,
699,865.79,11550.19,1191.58,298.0000,65535.0000,464.0000,166.0000,0.0000,0.0000,0.0000,
700,865.90,11548.68,1193.10,301.0000,65535.0000,446.0000,145.0000,0.0000,0.0000,0.0000,
701,866.01,11547.16,1194.61,296.0000,65535.0000,465.0000,169.0000,0.0000,0.0000,0.0000,
702,866.13,11545.65,1196.13,310.0000,65535.0000,454.0000,144.0000,0.0000,0.0000,0.0000,
703,866.24,11544.13,1197.64,298.0000,65535.0000,460.0000,162.0000,0.0000,0.0000,0.0000,
704,866.35,11542.62,1199.16,296.0000,65535.0000,458.0000,162.0000,0.0000,0.0000,0.0000,
705,866.47,11541.10,1200.67,302.0000,65535.0000,461.0000,159.0000,0.0000,0.0000,0.0000,
706,866.58,11539.59,1202.18,295.0000,65535.0000,454.0000,159.0000,0.0000,0.0000,0.0000,
707,866.70,11538.08,1203.70,302.0000,65535.0000,462.0000,160.0000,0.0000,0.0000,0.0000,
708,866.81,11536.57,1205.21,298.0000,65535.0000,452.0000,154.0000,0.0000,0.0000,0.0000,
709,866.92,11535.06,1206.72,297.0000,65535.0000,461.0000,164.0000,0.0000,0.0000,0.0000,
710,867.04,11533.55,1208.23,301.0000,65535.0000,460.0000,159.0000,0.0000,0.0000,0.0000,
711,867.15,11532.04,1209.74,303.0000,65535.0000,452.0000,149.0000,0.0000,0.0000,0.0000,
712,867.26,11530.53,1211.25,301.0000,65535.0000,445.0000,144.0000,0.0000,0.0000,0.0000,
713,867.38,11529.02,1212.76,309.0000,65535.0000,447.0000,138.0000,0.0000,0.0000,0.0000,
714,867.49,11527.51,1214.27,296.0000,65535.0000,450.0000,154.0000,0.0000,0.0000,0.0000,
715,867.60,11526.00,1215.77,296.0000,65535.0000,454.0000,158.0000,0.0000,0.0000,0.0000,
716,867.72,11524.49,1217.28,295.0000,65535.0000,459.0000,164.0000,0.0000,0.0000,0.0000,
717,867.83,11522.99,1218.79,298.0000,65535.0000,448.0000,150.0000,0.0000,0.0000,0.0000,
718,867.94,11521.48,1220.29,304.0000,65535.0000,441.0000,137.0000,0.0000,0.0000,0.0000,
719,868.06,11519.97,1221.80,300.0000,65535.0000,441.0000,141.0000,0.0000,0.0000,0.0000,
720,868.17,11518.47,1223.31,303.0000,65535.0000,444.0000,141.0000,0.0000,0.0000,0.0000,
721,868.28,11516.96,1224.81,300.0000,65535.0000,458.0000,158.0000,0.0000,0.0000,0.0000,
722,868.40,11515.46,1226.31,301.0000,65535.0000,446.0000,145.0000,0.0000,0.0000,0.0000,
723,868.51,11513.96,1227.82,301.0000,65535.0000,462.0000,161.0000,0.0000,0.0000,0.0000,
724,868.62,11512.45,1229.32,301.0000,65535.0000,438.0000,137.0000,0.0000,0.0000,0.0000,
725,868.74,11510.95,1230.82,296.0000,65535.0000,442.0000,146.0000,0.0000,0.0000,0.0000,
726,868.85,11509.45,1232.33,305.0000,65535.0000,446.0000,141.0000,0.0000,0.0000,0.0000,
727,868.96,11507.95,1233.83,294.0000,65535.0000,438.0000,144.0000,0.0000,0.0000,0.0000,
728,869.08,11506.45,1235.33,294.0000,65535.0000,446.0000,152.0000,0.0000,0.0000,0.0000,
729,869.19,11504.95,1236.83,311.0000,65535.0000,471.0000,160.0000,0.0000,0.0000,0.0000,
730,869.30,11503.45,1238.33,298.0000,65535.0000,439.0000,141.0000,0.0000,0.0000,0.0000,
731,869.42,11501.95,1239.83,297.0000,65535.0000,442.0000,145.0000,0.0000,0.0000,0.0000,
732,869.53,11500.45,1241.33,303.0000,65535.0000,437.0000,134.0000,0.0000,0.0000,0.0000,
733,869.64,11498.95,1242.82,297.0000,65535.0000,440.0000,143.0000,0.0000,0.0000,0.0000,
734,869.76,11497.45,1244.32,296.0000,65535.0000,430.0000,134.0000,0.0000,0.0000,0.0000,
735,869.87,11495.96,1245.82,304.0000,65535.0000,451.0000,147.0000,0.0000,0.0000,0.0000,
736,869.98,11494.46,1247.32,298.0000,65535.0000,432.0000,134.0000,0.0000,0.0000,0.0000,
737,870.10,11492.96,1248.81,296.0000,65535.0000,448.0000,152.0000,0.0000,0.0000,0.0000,
738,870.21,11491.47,1250.31,304.0000,65535.0000,437.0000,133.0000,0.0000,0.0000,0.0000,
739,870.32,11489.97,1251.80,297.0000,65535.0000,456.0000,159.0000,0.0000,0.0000,0.0000,
740,870.44,11488.48,1253.30,298.0000,65535.0000,465.0000,167.0000,0.0000,0.0000,0.0000,
741,870.55,11486.98,1254.79,301.0000,65535.0000,449.0000,148.0000,0.0000,0.0000,0.0000,
742,870.66,11485.49,1256.29,298.0000,65535.0000,446.0000,148.0000,0.0000,0.0000,0.0000,
743,870.78,11484.00,1257.78,305.0000,65535.0000,434.0000,129.0000,0.0000,0.0000,0.0000,
744,870.89,11482.50,1259.27,294.0000,65535.0000,432.0000,138.0000,0.0000,0.0000,0.0000,
745,871.00,11481.01,1260.76,304.0000,65535.0000,448.0000,144.0000,0.0000,0.0000,0.0000,
746,871.12,11479.52,1262.25,296.0000,65535.0000,446.0000,150.0000,0.0000,0.0000,0.0000,
747,871.23,11478.03,1263.74,305.0000,65535.0000,447.0000,142.0000,0.0000,0.0000,0.0000,
748,871.34,11476.54,1265.23,302.0000,65535.0000,437.0000,135.0000,0.0000,0.0000,0.0000,
749,871.46,11475.05,1266.72,304.0000,65535.0000,444.0000,140.0000,0.0000,0.0000,0.0000,
750,871.57,11473.56,1268.21,298.0000,65535.0000,434.0000,136.0000,0.0000,0.0000,0.0000,
751,871.68,11472.07,1269.70,303.0000,65535.0000,449.0000,146.0000,0.0000,0.0000,0.0000,
752,871.80,11470.58,1271.19,306.0000,65535.0000,442.0000,136.0000,0.0000,0.0000,0.0000,
753,871.91,11469.10,1272.68,305.0000,65535.0000,442.0000,137.0000,0.0000,0.0000,0.0000,
754,872.02,11467.61,1274.17,314.0000,65535.0000,466.0000,152.0000,0.0000,0.0000,0.0000,
755,872.13,11466.12,1275.65,304.0000,65535.0000,432.0000,128.0000,0.0000,0.0000,0.0000,
756,872.25,11464.64,1277.14,301.0000,65535.0000,452.0000,151.0000,0.0000,0.0000,0.0000,
757,872.36,11463.15,1278.62,295.0000,65535.0000,455.0000,160.0000,0.0000,0.0000,0.0000,
758,872.47,11461.67,1280.11,301.0000,65535.0000,435.0000,134.0000,0.0000,0.0000,0.0000,
759,872.59,11460.18,1281.59,323.0000,65535.0000,443.0000,120.0000,0.0000,0.0000,0.0000,
760,872.70,11458.70,1283.08,299.0000,65535.0000,440.0000,141.0000,0.0000,0.0000,0.0000,
761,872.81,11457.21,1284.56,298.0000,65535.0000,423.0000,125.0000,0.0000,0.0000,0.0000,
762,872.93,11455.73,1286.04,293.0000,65535.0000,448.0000,155.0000,0.0000,0.0000,0.0000,
763,873.04,11454.25,1287.53,296.0000,65535.0000,449.0000,153.0000,0.0000,0.0000,0.0000,
764,873.15,11452.77,1289.01,308.0000,65535.0000,444.0000,136.0000,0.0000,0.0000,0.0000,
765,873.26,11451.29,1290.49,300.0000,65535.0000,442.0000,142.0000,0.0000,0.0000,0.0000,
766,873.38,11449.81,1291.97,308.0000,65535.0000,438.0000,130.0000,0.0000,0.0000,0.0000,
767,873.49,11448.33,1293.45,300.0000,65535.0000,445.0000,145.0000,0.0000,0.0000,0.0000,
768,873.60,11446.85,1294.93,302.0000,65535.0000,434.0000,132.0000,0.0000,0.0000,0.0000,
769,873.72,11445.37,1296.41,297.0000,65535.0000,448.0000,151.0000,0.0000,0.0000,0.0000,
770,873.83,11443.89,1297.89,297.0000,65535.0000,441.0000,144.0000,0.0000,0.0000,0.0000,
771,873.94,11442.41,1299.37,302.0000,65535.0000,455.0000,153.0000,0.0000,0.0000,0.0000,
772,874.05,11440.93,1300.84,300.0000,65535.0000,438.0000,138.0000,0.0000,0.0000,0.0000,
773,874.17,11439.46,1302.32,298.0000,65535.0000,438.0000,140.0000,0.0000,0.0000,0.0000,
774,874.28,11437.98,1303.80,296.0000,65535.0000,432.0000,136.0000,0.0000,0.0000,0.0000,
775,874.39,11436.50,1305.27,299.0000,65535.0000,435.0000,136.0000,0.0000,0.0000,0.0000,
776,874.51,11435.03,1306.75,303.0000,65535.0000,437.0000,134.0000,0.0000,0.0000,0.0000,
777,874.62,11433.55,1308.22,302.0000,65535.0000,436.0000,134.0000,0.0000,0.0000,0.0000,
778,874.73,11432.08,1309.70,296.0000,65535.0000,430.0000,134.0000,0.0000,0.0000,0.0000,
779,874.84,11430.60,1311.17,292.0000,65535.0000,437.0000,145.0000,0.0000,0.0000,0.0000,
780,874.96,11429.13,1312.64,302.0000,65535.0000,436.0000,134.0000,0.0000,0.0000,0.0000,
781,875.07,11427.66,1314.12,299.0000,65535.0000,429.0000,130.0000,0.0000,0.0000,0.0000,
782,875.18,11426.18,1315.59,298.0000,65535.0000,432.0000,134.0000,0.0000,0.0000,0.0000,
783,875.30,11424.71,1317.06,294.0000,65535.0000,419.0000,125.0000,0.0000,0.0000,0.0000,
784,875.41,11423.24,1318.53,304.0000,65535.0000,434.0000,130.0000,0.0000,0.0000,0.0000,
785,875.52,11421.77,1320.00,294.0000,65535.0000,432.0000,138.0000,0.0000,0.0000,0.0000,
786,875.63,11420.30,1321.47,296.0000,65535.0000,440.0000,144.0000,0.0000,0.0000,0.0000,
787,875.75,11418.83,1322.94,307.0000,65535.0000,429.0000,122.0000,0.0000,0.0000,0.0000,
788,875.86,11417.36,1324.41,302.0000,65535.0000,443.0000,141.0000,0.0000,0.0000,0.0000,
789,875.97,11415.89,1325.88,307.0000,65535.0000,442.0000,135.0000,0.0000,0.0000,0.0000,
790,876.08,11414.42,1327.35,300.0000,65535.0000,438.0000,138.0000,0.0000,0.0000,0.0000,
791,876.20,11412.96,1328.82,293.0000,65535.0000,426.0000,133.0000,0.0000,0.0000,0.0000,
792,876.31,11411.49,1330.29,306.0000,65535.0000,428.0000,122.0000,0.0000,0.0000,0.0000,
793,876.42,11410.02,1331.75,298.0000,65535.0000,424.0000,126.0000,0.0000,0.0000,0.0000,
794,876.54,11408.56,1333.22,302.0000,65535.0000,427.0000,125.0000,0.0000,0.0000,0.0000,
795,876.65,11407.09,1334.68,295.0000,65535.0000,429.0000,134.0000,0.0000,0.0000,0.0000,
796,876.76,11405.63,1336.15,299.0000,65535.0000,422.0000,123.0000,0.0000,0.0000,0.0000,
797,876.87,11404.16,1337.61,300.0000,65535.0000,436.0000,136.0000,0.0000,0.0000,0.0000,
798,876.99,11402.70,1339.08,301.0000,65535.0000,436.0000,135.0000,0.0000,0.0000,0.0000,
799,877.10,11401.23,1340.54,305.0000,65535.0000,421.0000,116.0000,0.0000,0.0000,0.0000,
800,877.21,11399.77,1342.00,308.0000,65535.0000,435.0000,127.0000,0.0000,0.0000,0.0000,
801,877.32,11398.31,1343.47,293.0000,65535.0000,427.0000,134.0000,0.0000,0.0000,0.0000,
802,877.44,11396.85,1344.93,298.0000,65535.0000,441.0000,143.0000,0.0000,0.0000,0.0000,
803,877.55,11395.39,1346.39,297.0000,65535.0000,438.0000,141.0000,0.0000,0.0000,0.0000,
804,877.66,11393.92,1347.85,293.0000,65535.0000,431.0000,138.0000,0.0000,0.0000,0.0000,
805,877.77,11392.46,1349.31,294.0000,65535.0000,417.0000,123.0000,0.0000,0.0000,0.0000,
806,877.89,11391.00,1350.77,305.0000,65535.0000,424.0000,119.0000,0.0000,0.0000,0.0000,
807,878.00,11389.55,1352.23,307.0000,65535.0000,426.0000,119.0000,0.0000,0.0000,0.0000,
808,878.11,11388.09,1353.69,307.0000,65535.0000,423.0000,116.0000,0.0000,0.0000,0.0000,
809,878.22,11386.63,1355.15,302.0000,65535.0000,414.0000,112.0000,0.0000,0.0000,0.0000,
810,878.34,11385.17,1356.60,302.0000,65535.0000,434.0000,132.0000,0.0000,0.0000,0.0000,
811,878.45,11383.71,1358.06,298.0000,65535.0000,428.0000,130.0000,0.0000,0.0000,0.0000,
812,878.56,11382.26,1359.52,298.0000,65535.0000,441.0000,143.0000,0.0000,0.0000,0.0000,
813,878.67,11380.80,1360.98,308.0000,65535.0000,438.0000,130.0000,0.0000,0.0000,0.0000,
814,878.79,11379.34,1362.43,299.0000,65535.0000,440.0000,141.0000,0.0000,0.0000,0.0000,
815,878.90,11377.89,1363.89,298.0000,65535.0000,435.0000,137.0000,0.0000,0.0000,0.0000,
816,879.01,11376.43,1365.34,298.0000,65535.0000,425.0000,127.0000,0.0000,0.0000,0.0000,
817,879.12,11374.98,1366.80,300.0000,65535.0000,414.0000,114.0000,0.0000,0.0000,0.0000,
818,879.23,11373.53,1368.25,296.0000,65535.0000,419.0000,123.0000,0.0000,0.0000,0.0000,
819,879.35,11372.07,1369.70,304.0000,65535.0000,429.0000,125.0000,0.0000,0.0000,0.0000,
820,879.46,11370.62,1371.15,291.0000,65535.0000,438.0000,147.0000,0.0000,0.0000,0.0000,
821,879.57,11369.17,1372.61,299.0000,65535.0000,424.0000,125.0000,0.0000,0.0000,0.0000,
822,879.68,11367.72,1374.06,304.0000,65535.0000,433.0000,129.0000,0.0000,0.0000,0.0000,
823,879.80,11366.27,1375.51,305.0000,65535.0000,428.0000,123.0000,0.0000,0.0000,0.0000,
824,879.91,11364.82,1376.96,293.0000,65535.0000,432.0000,139.0000,0.0000,0.0000,0.0000,
825,880.02,11363.37,1378.41,302.0000,65535.0000,429.0000,127.0000,0.0000,0.0000,0.0000,
826,880.13,11361.92,1379.86,304.0000,65535.0000,442.0000,138.0000,0.0000,0.0000,0.0000,
827,880.25,11360.47,1381.31,306.0000,65535.0000,433.0000,127.0000,0.0000,0.0000,0.0000,
828,880.36,11359.02,1382.76,304.0000,65535.0000,422.0000,118.0000,0.0000,0.0000,0.0000,
829,880.47,11357.57,1384.21,297.0000,65535.0000,432.0000,135.0000,0.0000,0.0000,0.0000,
830,880.58,11356.12,1385.65,292.0000,65535.0000,444.0000,152.0000,0.0000,0.0000,0.0000,
831,880.69,11354.68,1387.10,301.0000,65535.0000,435.0000,134.0000,0.0000,0.0000,0.0000,
832,880.81,11353.23,1388.55,304.0000,65535.0000,416.0000,112.0000,0.0000,0.0000,0.0000,
833,880.92,11351.78,1389.99,304.0000,65535.0000,428.0000,124.0000,0.0000,0.0000,0.0000,
834,881.03,11350.34,1391.44,305.0000,65535.0000,433.0000,128.0000,0.0000,0.0000,0.0000,
835,881.14,11348.89,1392.88,300.0000,65535.0000,424.0000,124.0000,0.0000,0.0000,0.0000,
836,881.26,11347.45,1394.33,296.0000,65535.0000,430.0000,134.0000,0.0000,0.0000,0.0000,
837,881.37,11346.00,1395.77,294.0000,65535.0000,423.0000,129.0000,0.0000,0.0000,0.0000,
838,881.48,11344.56,1397.21,299.0000,65535.0000,432.0000,133.0000,0.0000,0.0000,0.0000,
839,881.59,11343.12,1398.66,296.0000,65535.0000,435.0000,139.0000,0.0000,0.0000,0.0000,
840,881.70,11341.68,1400.10,306.0000,65535.0000,419.0000,113.0000,0.0000,0.0000,0.0000,
841,881.82,11340.23,1401.54,298.0000,65535.0000,428.0000,130.0000,0.0000,0.0000,0.0000,
842,881.93,11338.79,1402.98,298.0000,65535.0000,426.0000,128.0000,0.0000,0.0000,0.0000,
843,882.04,11337.35,1404.42,303.0000,65535.0000,435.0000,132.0000,0.0000,0.0000,0.0000,
844,882.15,11335.91,1405.86,302.0000,65535.0000,426.0000,124.0000,0.0000,0.0000,0.0000,
845,882.26,11334.47,1407.30,304.0000,65535.0000,413.0000,109.0000,0.0000,0.0000,0.0000,
846,882.38,11333.03,1408.74,296.0000,65535.0000,416.0000,120.0000,0.0000,0.0000,0.0000,
847,882.49,11331.59,1410.18,294.0000,65535.0000,429.0000,135.0000,0.0000,0.0000,0.0000,
848,882.60,11330.16,1411.62,300.0000,65535.0000,422.0000,122.0000,0.0000,0.0000,0.0000,
849,882.71,11328.72,1413.06,303.0000,65535.0000,433.0000,130.0000,0.0000,0.0000,0.0000,
850,882.82,11327.28,1414.49,300.0000,65535.0000,422.0000,122.0000,0.0000,0.0000,0.0000,
851,882.94,11325.84,1415.93,299.0000,65535.0000,426.0000,127.0000,0.0000,0.0000,0.0000,
852,883.05,11324.41,1417.37,298.0000,65535.0000,422.0000,124.0000,0.0000,0.0000,0.0000,
853,883.16,11322.97,1418.80,303.0000,65535.0000,428.0000,125.0000,0.0000,0.0000,0.0000,
854,883.27,11321.54,1420.24,301.0000,65535.0000,425.0000,124.0000,0.0000,0.0000,0.0000,
855,883.38,11320.10,1421.67,308.0000,65535.0000,404.0000,96.0000,0.0000,0.0000,0.0000,
856,883.50,11318.67,1423.11,301.0000,65535.0000,423.0000,122.0000,0.0000,0.0000,0.0000,
857,883.61,11317.23,1424.54,302.0000,65535.0000,408.0000,106.0000,0.0000,0.0000,0.0000,
858,883.72,11315.80,1425.97,300.0000,65535.0000,412.0000,112.0000,0.0000,0.0000,0.0000,
859,883.83,11314.37,1427.41,298.0000,65535.0000,428.0000,130.0000,0.0000,0.0000,0.0000,
860,883.94,11312.94,1428.84,296.0000,65535.0000,412.0000,116.0000,0.0000,0.0000,0.0000,
861,884.06,11311.50,1430.27,302.0000,65535.0000,419.0000,117.0000,0.0000,0.0000,0.0000,
862,884.17,11310.07,1431.70,308.0000,65535.0000,423.0000,115.0000,0.0000,0.0000,0.0000,
863,884.28,11308.64,1433.13,298.0000,65535.0000,428.0000,130.0000,0.0000,0.0000,0.0000,
864,884.39,11307.21,1434.56,300.0000,65535.0000,420.0000,120.0000,0.0000,0.0000,0.0000,
865,884.50,11305.78,1435.99,304.0000,65535.0000,414.0000,110.0000,0.0000,0.0000,0.0000,
866,884.61,11304.35,1437.42,301.0000,65535.0000,412.0000,111.0000,0.0000,0.0000,0.0000,
867,884.73,11302.92,1438.85,298.0000,65535.0000,406.0000,108.0000,0.0000,0.0000,0.0000,
868,884.84,11301.50,1440.28,298.0000,65535.0000,426.0000,128.0000,0.0000,0.0000,0.0000,
869,884.95,11300.07,1441.71,300.0000,65535.0000,428.0000,128.0000,0.0000,0.0000,0.0000,
870,885.06,11298.64,1443.13,301.0000,65535.0000,429.0000,128.0000,0.0000,0.0000,0.0000,
871,885.17,11297.22,1444.56,296.0000,65535.0000,422.0000,126.0000,0.0000,0.0000,0.0000,
872,885.29,11295.79,1445.99,296.0000,65535.0000,433.0000,137.0000,0.0000,0.0000,0.0000,
873,885.40,11294.36,1447.41,301.0000,65535.0000,423.0000,122.0000,0.0000,0.0000,0.0000,
874,885.51,11292.94,1448.84,302.0000,65535.0000,430.0000,128.0000,0.0000,0.0000,0.0000,
875,885.62,11291.51,1450.26,302.0000,65535.0000,412.0000,110.0000,0.0000,0.0000,0.0000,
876,885.73,11290.09,1451.69,295.0000,65535.0000,408.0000,113.0000,0.0000,0.0000,0.0000,
877,885.84,11288.67,1453.11,303.0000,65535.0000,416.0000,113.0000,0.0000,0.0000,0.0000,
878,885.96,11287.24,1454.53,302.0000,65535.0000,413.0000,111.0000,0.0000,0.0000,0.0000,
879,886.07,11285.82,1455.95,304.0000,65535.0000,424.0000,120.0000,0.0000,0.0000,0.0000,
880,886.18,11284.40,1457.38,298.0000,65535.0000,420.0000,122.0000,0.0000,0.0000,0.0000,
881,886.29,11282.98,1458.80,296.0000,65535.0000,421.0000,125.0000,0.0000,0.0000,0.0000,
882,886.40,11281.56,1460.22,300.0000,65535.0000,426.0000,126.0000,0.0000,0.0000,0.0000,
883,886.51,11280.14,1461.64,296.0000,65535.0000,413.0000,117.0000,0.0000,0.0000,0.0000,
884,886.63,11278.72,1463.06,297.0000,65535.0000,414.0000,117.0000,0.0000,0.0000,0.0000,
885,886.74,11277.30,1464.48,314.0000,65535.0000,428.0000,114.0000,0.0000,0.0000,0.0000,
886,886.85,11275.88,1465.90,304.0000,65535.0000,419.0000,115.0000,0.0000,0.0000,0.0000,
887,886.96,11274.46,1467.32,304.0000,65535.0000,428.0000,124.0000,0.0000,0.0000,0.0000,
888,887.07,11273.04,1468.74,302.0000,65535.0000,412.0000,110.0000,0.0000,0.0000,0.0000,
889,887.18,11271.62,1470.15,296.0000,65535.0000,418.0000,122.0000,0.0000,0.0000,0.0000,
890,887.30,11270.21,1471.57,302.0000,65535.0000,421.0000,119.0000,0.0000,0.0000,0.0000,
891,887.41,11268.79,1472.99,301.0000,65535.0000,423.0000,122.0000,0.0000,0.0000,0.0000,
892,887.52,11267.37,1474.40,297.0000,65535.0000,422.0000,125.0000,0.0000,0.0000,0.0000,
893,887.63,11265.96,1475.82,302.0000,65535.0000,403.0000,101.0000,0.0000,0.0000,0.0000,
894,887.74,11264.54,1477.23,298.0000,65535.0000,421.0000,123.0000,0.0000,0.0000,0.0000,
895,887.85,11263.13,1478.65,302.0000,65535.0000,412.0000,110.0000,0.0000,0.0000,0.0000,
896,887.96,11261.71,1480.06,306.0000,65535.0000,410.0000,104.0000,0.0000,0.0000,0.0000,
897,888.08,11260.30,1481.47,298.0000,65535.0000,425.0000,127.0000,0.0000,0.0000,0.0000,
898,888.19,11258.89,1482.89,296.0000,65535.0000,424.0000,128.0000,0.0000,0.0000,0.0000,
899,888.30,11257.47,1484.30,299.0000,65535.0000,420.0000,121.0000,0.0000,0.0000,0.0000,
900,888.41,11256.06,1485.71,297.0000,65535.0000,425.0000,128.0000,0.0000,0.0000,0.0000,
901,888.52,11254.65,1487.12,304.0000,65535.0000,406.0000,102.0000,0.0000,0.0000,0.0000,
902,888.63,11253.24,1488.54,300.0000,65535.0000,415.0000,115.0000,0.0000,0.0000,0.0000,
903,888.74,11251.83,1489.95,307.0000,65535.0000,414.0000,107.0000,0.0000,0.0000,0.0000,
904,888.86,11250.42,1491.36,303.0000,65535.0000,421.0000,118.0000,0.0000,0.0000,0.0000,
905,888.97,11249.01,1492.77,305.0000,65535.0000,422.0000,117.0000,0.0000,0.0000,0.0000,
906,889.08,11247.60,1494.17,301.0000,65535.0000,413.0000,112.0000,0.0000,0.0000,0.0000,
907,889.19,11246.19,1495.58,292.0000,65535.0000,420.0000,128.0000,0.0000,0.0000,0.0000,
908,889.30,11244.78,1496.99,300.0000,65535.0000,417.0000,117.0000,0.0000,0.0000,0.0000,
909,889.41,11243.38,1498.40,300.0000,65535.0000,412.0000,112.0000,0.0000,0.0000,0.0000,
910,889.52,11241.97,1499.81,298.0000,65535.0000,416.0000,118.0000,0.0000,0.0000,0.0000,
911,889.64,11240.56,1501.21,300.0000,65535.0000,418.0000,118.0000,0.0000,0.0000,0.0000,
912,889.75,11239.16,1502.62,296.0000,65535.0000,413.0000,117.0000,0.0000,0.0000,0.0000,
913,889.86,11237.75,1504.02,298.0000,65535.0000,409.0000,111.0000,0.0000,0.0000,0.0000,
914,889.97,11236.35,1505.43,301.0000,65535.0000,405.0000,104.0000,0.0000,0.0000,0.0000,
915,890.08,11234.94,1506.83,336.0000,65535.0000,448.0000,112.0000,0.0000,0.0000,0.0000,
916,890.19,11233.54,1508.24,298.0000,65535.0000,417.0000,119.0000,0.0000,0.0000,0.0000,
917,890.30,11232.13,1509.64,301.0000,65535.0000,414.0000,113.0000,0.0000,0.0000,0.0000,
918,890.41,11230.73,1511.04,291.0000,65535.0000,419.0000,128.0000,0.0000,0.0000,0.0000,
919,890.53,11229.33,1512.45,300.0000,65535.0000,416.0000,116.0000,0.0000,0.0000,0.0000,
920,890.64,11227.93,1513.85,290.0000,65535.0000,404.0000,114.0000,0.0000,0.0000,0.0000,
921,890.75,11226.52,1515.25,305.0000,65535.0000,413.0000,108.0000,0.0000,0.0000,0.0000,
922,890.86,11225.12,1516.65,294.0000,65535.0000,404.0000,110.0000,0.0000,0.0000,0.0000,
923,890.97,11223.72,1518.05,296.0000,65535.0000,416.0000,120.0000,0.0000,0.0000,0.0000,
924,891.08,11222.32,1519.45,298.0000,65535.0000,412.0000,114.0000,0.0000,0.0000,0.0000,
925,891.19,11220.92,1520.85,294.0000,65535.0000,410.0000,116.0000,0.0000,0.0000,0.0000,
926,891.30,11219.52,1522.25,302.0000,65535.0000,410.0000,108.0000,0.0000,0.0000,0.0000,
927,891.41,11218.13,1523.65,301.0000,65535.0000,410.0000,109.0000,0.0000,0.0000,0.0000,
928,891.53,11216.73,1525.05,384.0000,65535.0000,496.0000,112.0000,0.0000,0.0000,0.0000,
929,891.64,11215.33,1526.45,300.0000,65535.0000,402.0000,102.0000,0.0000,0.0000,0.0000,
930,891.75,11213.93,1527.84,300.0000,65535.0000,409.0000,109.0000,0.0000,0.0000,0.0000,
931,891.86,11212.54,1529.24,301.0000,65535.0000,416.0000,115.0000,0.0000,0.0000,0.0000,
932,891.97,11211.14,1530.64,297.0000,65535.0000,403.0000,106.0000,0.0000,0.0000,0.0000,
933,892.08,11209.74,1532.03,308.0000,65535.0000,413.0000,105.0000,0.0000,0.0000,0.0000,
934,892.19,11208.35,1533.43,301.0000,65535.0000,412.0000,111.0000,0.0000,0.0000,0.0000,
935,892.30,11206.95,1534.82,305.0000,65535.0000,406.0000,101.0000,0.0000,0.0000,0.0000,
936,892.41,11205.56,1536.21,306.0000,65535.0000,414.0000,108.0000,0.0000,0.0000,0.0000,
937,892.53,11204.17,1537.61,294.0000,65535.0000,404.0000,110.0000,0.0000,0.0000,0.0000,
938,892.64,11202.77,1539.00,296.0000,65535.0000,394.0000,98.0000,0.0000,0.0000,0.0000,
939,892.75,11201.38,1540.39,304.0000,65535.0000,415.0000,111.0000,0.0000,0.0000,0.0000,
940,892.86,11199.99,1541.79,299.0000,65535.0000,418.0000,119.0000,0.0000,0.0000,0.0000,
941,892.97,11198.60,1543.18,301.0000,65535.0000,414.0000,113.0000,0.0000,0.0000,0.0000,
942,893.08,11197.21,1544.57,300.0000,65535.0000,420.0000,120.0000,0.0000,0.0000,0.0000,
943,893.19,11195.81,1545.96,305.0000,65535.0000,420.0000,115.0000,0.0000,0.0000,0.0000,
944,893.30,11194.42,1547.35,295.0000,65535.0000,421.0000,126.0000,0.0000,0.0000,0.0000,
945,893.41,11193.04,1548.74,304.0000,65535.0000,421.0000,117.0000,0.0000,0.0000,0.0000,
946,893.52,11191.65,1550.13,306.0000,65535.0000,433.0000,127.0000,0.0000,0.0000,0.0000,
947,893.63,11190.26,1551.52,296.0000,65535.0000,468.0000,172.0000,0.0000,0.0000,0.0000,
948,893.75,11188.87,1552.91,300.0000,65535.0000,474.0000,174.0000,0.0000,0.0000,0.0000,
949,893.86,11187.48,1554.29,296.0000,65535.0000,488.0000,192.0000,0.0000,0.0000,0.0000,
950,893.97,11186.09,1555.68,298.0000,65535.0000,457.0000,159.0000,0.0000,0.0000,0.0000,
951,894.08,11184.71,1557.07,298.0000,65535.0000,440.0000,142.0000,0.0000,0.0000,0.0000,
952,894.19,11183.32,1558.45,301.0000,65535.0000,427.0000,126.0000,0.0000,0.0000,0.0000,
953,894.30,11181.93,1559.84,303.0000,65535.0000,408.0000,105.0000,0.0000,0.0000,0.0000,
954,894.41,11180.55,1561.23,294.0000,65535.0000,417.0000,123.0000,0.0000,0.0000,0.0000,
955,894.52,11179.16,1562.61,296.0000,65535.0000,419.0000,123.0000,0.0000,0.0000,0.0000,
956,894.63,11177.78,1564.00,300.0000,65535.0000,418.0000,118.0000,0.0000,0.0000,0.0000,
957,894.74,11176.40,1565.38,297.0000,65535.0000,406.0000,109.0000,0.0000,0.0000,0.0000,
958,894.85,11175.01,1566.76,300.0000,65535.0000,403.0000,103.0000,0.0000,0.0000,0.0000,
959,894.96,11173.63,1568.15,305.0000,65535.0000,413.0000,108.0000,0.0000,0.0000,0.0000,
960,895.08,11172.25,1569.53,310.0000,65535.0000,411.0000,101.0000,0.0000,0.0000,0.0000,
961,895.19,11170.87,1570.91,308.0000,65535.0000,422.0000,114.0000,0.0000,0.0000,0.0000,
962,895.30,11169.48,1572.29,301.0000,65535.0000,412.0000,111.0000,0.0000,0.0000,0.0000,
963,895.41,11168.10,1573.67,303.0000,65535.0000,415.0000,112.0000,0.0000,0.0000,0.0000,
964,895.52,11166.72,1575.05,299.0000,65535.0000,411.0000,112.0000,0.0000,0.0000,0.0000,
965,895.63,11165.34,1576.43,295.0000,65535.0000,402.0000,107.0000,0.0000,0.0000,0.0000,
966,895.74,11163.96,1577.81,290.0000,65535.0000,400.0000,110.0000,0.0000,0.0000,0.0000,
967,895.85,11162.58,1579.19,320.0000,65535.0000,427.0000,107.0000,0.0000,0.0000,0.0000,
968,895.96,11161.21,1580.57,301.0000,65535.0000,414.0000,113.0000,0.0000,0.0000,0.0000,
969,896.07,11159.83,1581.95,300.0000,65535.0000,403.0000,103.0000,0.0000,0.0000,0.0000,
970,896.18,11158.45,1583.32,301.0000,65535.0000,408.0000,107.0000,0.0000,0.0000,0.0000,
971,896.29,11157.07,1584.70,303.0000,65535.0000,410.0000,107.0000,0.0000,0.0000,0.0000,
972,896.40,11155.70,1586.08,306.0000,65535.0000,396.0000,90.0000,0.0000,0.0000,0.0000,
973,896.51,11154.32,1587.45,303.0000,65535.0000,395.0000,92.0000,0.0000,0.0000,0.0000,
974,896.62,11152.95,1588.83,296.0000,65535.0000,398.0000,102.0000,0.0000,0.0000,0.0000,
975,896.73,11151.57,1590.21,299.0000,65535.0000,408.0000,109.0000,0.0000,0.0000,0.0000,
976,896.85,11150.20,1591.58,314.0000,65535.0000,408.0000,94.0000,0.0000,0.0000,0.0000,
977,896.96,11148.82,1592.95,301.0000,65535.0000,413.0000,112.0000,0.0000,0.0000,0.0000,
978,897.07,11147.45,1594.33,300.0000,65535.0000,402.0000,102.0000,0.0000,0.0000,0.0000,
979,897.18,11146.07,1595.70,302.0000,65535.0000,396.0000,94.0000,0.0000,0.0000,0.0000,
980,897.29,11144.70,1597.07,299.0000,65535.0000,405.0000,106.0000,0.0000,0.0000,0.0000,
981,897.40,11143.33,1598.45,309.0000,65535.0000,418.0000,109.0000,0.0000,0.0000,0.0000,
982,897.51,11141.96,1599.82,309.0000,65535.0000,410.0000,101.0000,0.0000,0.0000,0.0000,
983,897.62,11140.59,1601.19,299.0000,65535.0000,403.0000,104.0000,0.0000,0.0000,0.0000,
984,897.73,11139.22,1602.56,300.0000,65535.0000,408.0000,108.0000,0.0000,0.0000,0.0000,
985,897.84,11137.85,1603.93,300.0000,65535.0000,404.0000,104.0000,0.0000,0.0000,0.0000,
986,897.95,11136.48,1605.30,307.0000,65535.0000,402.0000,95.0000,0.0000,0.0000,0.0000,
987,898.06,11135.11,1606.67,302.0000,65535.0000,399.0000,97.0000,0.0000,0.0000,0.0000,
988,898.17,11133.74,1608.04,307.0000,65535.0000,399.0000,92.0000,0.0000,0.0000,0.0000,
989,898.28,11132.37,1609.41,316.0000,65535.0000,412.0000,96.0000,0.0000,0.0000,0.0000,
990,898.39,11131.00,1610.77,304.0000,65535.0000,406.0000,102.0000,0.0000,0.0000,0.0000,
991,898.50,11129.63,1612.14,302.0000,65535.0000,402.0000,100.0000,0.0000,0.0000,0.0000,
992,898.61,11128.27,1613.51,311.0000,65535.0000,415.0000,104.0000,0.0000,0.0000,0.0000,
993,898.72,11126.90,1614.87,298.0000,65535.0000,402.0000,104.0000,0.0000,0.0000,0.0000,
994,898.83,11125.53,1616.24,299.0000,65535.0000,409.0000,110.0000,0.0000,0.0000,0.0000,
995,898.94,11124.17,1617.61,303.0000,65535.0000,416.0000,113.0000,0.0000,0.0000,0.0000,
996,899.05,11122.80,1618.97,300.0000,65535.0000,391.0000,91.0000,0.0000,0.0000,0.0000,
997,899.16,11121.44,1620.34,308.0000,65535.0000,412.0000,104.0000,0.0000,0.0000,0.0000,
998,899.27,11120.08,1621.70,295.0000,65535.0000,395.0000,100.0000,0.0000,0.0000,0.0000,
999,899.38,11118.71,1623.06,300.0000,65535.0000,402.0000,102.0000,0.0000,0.0000,0.0000,
1000,899.49,11117.35,1624.43,298.0000,65535.0000,405.0000,107.0000,0.0000,0.0000,0.0000,
1001,899.61,11115.99,1625.79,302.0000,65535.0000,394.0000,92.0000,0.0000,0.0000,0.0000,
1002,899.72,11114.62,1627.15,301.0000,65535.0000,398.0000,97.0000,0.0000,0.0000,0.0000,
1003,899.83,11113.26,1628.51,302.0000,65535.0000,406.0000,104.0000,0.0000,0.0000,0.0000,
1004,899.94,11111.90,1629.87,302.0000,65535.0000,396.0000,94.0000,0.0000,0.0000,0.0000,
1005,900.05,11110.54,1631.23,294.0000,65535.0000,403.0000,109.0000,0.0000,0.0000,0.0000,
1006,900.16,11109.18,1632.59,297.0000,65535.0000,408.0000,111.0000,0.0000,0.0000,0.0000,
1007,900.27,11107.82,1633.95,291.0000,65535.0000,401.0000,110.0000,0.0000,0.0000,0.0000,
1008,900.38,11106.46,1635.31,303.0000,65535.0000,404.0000,101.0000,0.0000,0.0000,0.0000,
1009,900.49,11105.10,1636.67,296.0000,65535.0000,398.0000,102.0000,0.0000,0.0000,0.0000,
1010,900.60,11103.75,1638.03,299.0000,65535.0000,396.0000,97.0000,0.0000,0.0000,0.0000,
1011,900.71,11102.39,1639.39,307.0000,65535.0000,412.0000,105.0000,0.0000,0.0000,0.0000,
1012,900.82,11101.03,1640.74,302.0000,65535.0000,402.0000,100.0000,0.0000,0.0000,0.0000,
1013,900.93,11099.67,1642.10,298.0000,65535.0000,405.0000,107.0000,0.0000,0.0000,0.0000,
1014,901.04,11098.32,1643.46,295.0000,65535.0000,406.0000,111.0000,0.0000,0.0000,0.0000,
1015,901.15,11096.96,1644.81,300.0000,65535.0000,389.0000,89.0000,0.0000,0.0000,0.0000,
1016,901.26,11095.61,1646.17,292.0000,65535.0000,393.0000,101.0000,0.0000,0.0000,0.0000,
1017,901.37,11094.25,1647.52,300.0000,65535.0000,391.0000,91.0000,0.0000,0.0000,0.0000,
1018,901.48,11092.90,1648.88,299.0000,65535.0000,400.0000,101.0000,0.0000,0.0000,0.0000,
1019,901.59,11091.54,1650.23,298.0000,65535.0000,402.0000,104.0000,0.0000,0.0000,0.0000,
1020,901.70,11090.19,1651.59,304.0000,65535.0000,396.0000,92.0000,0.0000,0.0000,0.0000,
1021,901.81,11088.84,1652.94,306.0000,65535.0000,393.0000,87.0000,0.0000,0.0000,0.0000,
1022,901.92,11087.48,1654.29,303.0000,65535.0000,402.0000,99.0000,0.0000,0.0000,0.0000,
1023,902.03,11086.13,1655.64,287.0000,65535.0000,388.0000,101.0000,0.0000,0.0000,0.0000,
1024,902.14,11084.78,1656.99,300.0000,65535.0000,407.0000,107.0000,0.0000,0.0000,0.0000,
1025,902.25,11083.43,1658.35,305.0000,65535.0000,392.0000,87.0000,0.0000,0.0000,0.0000,
1026,902.36,11082.08,1659.70,297.0000,65535.0000,385.0000,88.0000,0.0000,0.0000,0.0000,
1027,902.47,11080.73,1661.05,302.0000,65535.0000,394.0000,92.0000,0.0000,0.0000,0.0000,
1028,902.58,11079.38,1662.40,300.0000,65535.0000,402.0000,102.0000,0.0000,0.0000,0.0000,
1029,902.69,11078.03,1663.75,293.0000,65535.0000,398.0000,105.0000,0.0000,0.0000,0.0000,
1030,902.80,11076.68,1665.09,298.0000,65535.0000,393.0000,95.0000,0.0000,0.0000,0.0000,
1031,902.91,11075.33,1666.44,300.0000,65535.0000,400.0000,100.0000,0.0000,0.0000,0.0000,
1032,903.02,11073.99,1667.79,300.0000,65535.0000,389.0000,89.0000,0.0000,0.0000,0.0000,
1033,903.13,11072.64,1669.14,300.0000,65535.0000,398.0000,98.0000,0.0000,0.0000,0.0000,
1034,903.24,11071.29,1670.48,293.0000,65535.0000,390.0000,97.0000,0.0000,0.0000,0.0000,
1035,903.35,11069.94,1671.83,301.0000,65535.0000,404.0000,103.0000,0.0000,0.0000,0.0000,
1036,903.46,11068.60,1673.18,300.0000,65535.0000,382.0000,82.0000,0.0000,0.0000,0.0000,
1037,903.57,11067.25,1674.52,300.0000,65535.0000,385.0000,85.0000,0.0000,0.0000,0.0000,
1038,903.68,11065.91,1675.87,296.0000,65535.0000,384.0000,88.0000,0.0000,0.0000,0.0000,
1039,903.79,11064.56,1677.21,300.0000,65535.0000,388.0000,88.0000,0.0000,0.0000,0.0000,
1040,903.90,11063.22,1678.55,300.0000,65535.0000,385.0000,85.0000,0.0000,0.0000,0.0000,
1041,904.01,11061.88,1679.90,302.0000,65535.0000,402.0000,100.0000,0.0000,0.0000,0.0000,
1042,904.12,11060.53,1681.24,297.0000,65535.0000,399.0000,102.0000,0.0000,0.0000,0.0000,
1043,904.23,11059.19,1682.58,302.0000,65535.0000,393.0000,91.0000,0.0000,0.0000,0.0000,
1044,904.33,11057.85,1683.93,296.0000,65535.0000,392.0000,96.0000,0.0000,0.0000,0.0000,
1045,904.44,11056.51,1685.27,295.0000,65535.0000,393.0000,98.0000,0.0000,0.0000,0.0000,
1046,904.55,11055.17,1686.61,308.0000,65535.0000,395.0000,87.0000,0.0000,0.0000,0.0000,
1047,904.66,11053.83,1687.95,301.0000,65535.0000,386.0000,85.0000,0.0000,0.0000,0.0000,
1048,904.77,11052.49,1689.29,308.0000,65535.0000,397.0000,89.0000,0.0000,0.0000,0.0000,
1049,904.88,11051.15,1690.63,307.0000,65535.0000,390.0000,83.0000,0.0000,0.0000,0.0000,
1050,904.99,11049.81,1691.97,298.0000,65535.0000,403.0000,105.0000,0.0000,0.0000,0.0000,
1051,905.10,11048.47,1693.31,303.0000,65535.0000,392.0000,89.0000,0.0000,0.0000,0.0000,
1052,905.21,11047.13,1694.65,302.0000,65535.0000,395.0000,93.0000,0.0000,0.0000,0.0000,
1053,905.32,11045.79,1695.98,297.0000,65535.0000,395.0000,98.0000,0.0000,0.0000,0.0000,
1054,905.43,11044.45,1697.32,306.0000,65535.0000,393.0000,87.0000,0.0000,0.0000,0.0000,
1055,905.54,11043.12,1698.66,302.0000,65535.0000,385.0000,83.0000,0.0000,0.0000,0.0000,
1056,905.65,11041.78,1699.99,302.0000,65535.0000,411.0000,109.0000,0.0000,0.0000,0.0000,
1057,905.76,11040.45,1701.33,304.0000,65535.0000,397.0000,93.0000,0.0000,0.0000,0.0000,
1058,905.87,11039.11,1702.66,298.0000,65535.0000,378.0000,80.0000,0.0000,0.0000,0.0000,
1059,905.98,11037.78,1704.00,301.0000,65535.0000,380.0000,79.0000,0.0000,0.0000,0.0000,
1060,906.09,11036.44,1705.33,305.0000,65535.0000,386.0000,81.0000,0.0000,0.0000,0.0000,
1061,906.20,11035.11,1706.67,314.0000,65535.0000,368.0000,54.0000,0.0000,0.0000,0.0000,
1062,906.31,11033.77,1708.00,302.0000,65535.0000,386.0000,84.0000,0.0000,0.0000,0.0000,
1063,906.42,11032.44,1709.34,306.0000,65535.0000,404.0000,98.0000,0.0000,0.0000,0.0000,
1064,906.53,11031.11,1710.67,302.0000,65535.0000,394.0000,92.0000,0.0000,0.0000,0.0000,
1065,906.64,11029.78,1712.00,295.0000,65535.0000,373.0000,78.0000,0.0000,0.0000,0.0000,
1066,906.75,11028.44,1713.33,304.0000,65535.0000,392.0000,88.0000,0.0000,0.0000,0.0000,
1067,906.86,11027.11,1714.66,304.0000,65535.0000,397.0000,93.0000,0.0000,0.0000,0.0000,
1068,906.97,11025.78,1715.99,299.0000,65535.0000,390.0000,91.0000,0.0000,0.0000,0.0000,
1069,907.07,11024.45,1717.32,304.0000,65535.0000,400.0000,96.0000,0.0000,0.0000,0.0000,
1070,907.18,11023.12,1718.65,300.0000,65535.0000,380.0000,80.0000,0.0000,0.0000,0.0000,
1071,907.29,11021.79,1719.98,301.0000,65535.0000,388.0000,87.0000,0.0000,0.0000,0.0000,
1072,907.40,11020.46,1721.31,297.0000,65535.0000,382.0000,85.0000,0.0000,0.0000,0.0000,
1073,907.51,11019.13,1722.64,304.0000,65535.0000,391.0000,87.0000,0.0000,0.0000,0.0000,
1074,907.62,11017.81,1723.97,292.0000,65535.0000,377.0000,85.0000,0.0000,0.0000,0.0000,
1075,907.73,11016.48,1725.30,302.0000,65535.0000,391.0000,89.0000,0.0000,0.0000,0.0000,
1076,907.84,11015.15,1726.62,301.0000,65535.0000,386.0000,85.0000,0.0000,0.0000,0.0000,
1077,907.95,11013.83,1727.95,304.0000,65535.0000,387.0000,83.0000,0.0000,0.0000,0.0000,
1078,908.06,11012.50,1729.28,304.0000,65535.0000,383.0000,79.0000,0.0000,0.0000,0.0000,
1079,908.17,11011.17,1730.60,299.0000,65535.0000,390.0000,91.0000,0.0000,0.0000,0.0000,
1080,908.28,11009.85,1731.93,302.0000,65535.0000,384.0000,82.0000,0.0000,0.0000,0.0000,
1081,908.39,11008.52,1733.25,293.0000,65535.0000,383.0000,90.0000,0.0000,0.0000,0.0000,
1082,908.50,11007.20,1734.58,302.0000,65535.0000,388.0000,86.0000,0.0000,0.0000,0.0000,
1083,908.61,11005.88,1735.90,301.0000,65535.0000,387.0000,86.0000,0.0000,0.0000,0.0000,
1084,908.71,11004.55,1737.22,301.0000,65535.0000,381.0000,80.0000,0.0000,0.0000,0.0000,
1085,908.82,11003.23,1738.54,300.0000,65535.0000,398.0000,98.0000,0.0000,0.0000,0.0000,
1086,908.93,11001.91,1739.87,300.0000,65535.0000,373.0000,73.0000,0.0000,0.0000,0.0000,
1087,909.04,11000.59,1741.19,299.0000,65535.0000,392.0000,93.0000,0.0000,0.0000,0.0000,
1088,909.15,10999.26,1742.51,298.0000,65535.0000,382.0000,84.0000,0.0000,0.0000,0.0000,
1089,909.26,10997.94,1743.83,302.0000,65535.0000,390.0000,88.0000,0.0000,0.0000,0.0000,
1090,909.37,10996.62,1745.15,296.0000,65535.0000,368.0000,72.0000,0.0000,0.0000,0.0000,
1091,909.48,10995.30,1746.47,289.0000,65535.0000,390.0000,101.0000,0.0000,0.0000,0.0000,
1092,909.59,10993.98,1747.79,298.0000,65535.0000,384.0000,86.0000,0.0000,0.0000,0.0000,
1093,909.70,10992.66,1749.11,301.0000,65535.0000,384.0000,83.0000,0.0000,0.0000,0.0000,
1094,909.81,10991.35,1750.43,296.0000,65535.0000,392.0000,96.0000,0.0000,0.0000,0.0000,
1095,909.92,10990.03,1751.75,300.0000,65535.0000,392.0000,92.0000,0.0000,0.0000,0.0000,
1096,910.02,10988.71,1753.07,297.0000,65535.0000,383.0000,86.0000,0.0000,0.0000,0.0000,
1097,910.13,10987.39,1754.38,301.0000,65535.0000,378.0000,77.0000,0.0000,0.0000,0.0000,
1098,910.24,10986.08,1755.70,306.0000,65535.0000,396.0000,90.0000,0.0000,0.0000,0.0000,
1099,910.35,10984.76,1757.02,293.0000,65535.0000,363.0000,70.0000,0.0000,0.0000,0.0000,
1100,910.46,10983.44,1758.33,294.0000,65535.0000,380.0000,86.0000,0.0000,0.0000,0.0000,
1101,910.57,10982.13,1759.65,299.0000,65535.0000,382.0000,83.0000,0.0000,0.0000,0.0000,
1102,910.68,10980.81,1760.96,310.0000,65535.0000,392.0000,82.0000,0.0000,0.0000,0.0000,
1103,910.79,10979.50,1762.28,295.0000,65535.0000,376.0000,81.0000,0.0000,0.0000,0.0000,
1104,910.90,10978.18,1763.59,299.0000,65535.0000,384.0000,85.0000,0.0000,0.0000,0.0000,
1105,911.01,10976.87,1764.90,303.0000,65535.0000,373.0000,70.0000,0.0000,0.0000,0.0000,
1106,911.12,10975.56,1766.22,301.0000,65535.0000,385.0000,84.0000,0.0000,0.0000,0.0000,
1107,911.22,10974.25,1767.53,306.0000,65535.0000,390.0000,84.0000,0.0000,0.0000,0.0000,
1108,911.33,10972.93,1768.84,300.0000,65535.0000,374.0000,74.0000,0.0000,0.0000,0.0000,
1109,911.44,10971.62,1770.15,298.0000,65535.0000,382.0000,84.0000,0.0000,0.0000,0.0000,
1110,911.55,10970.31,1771.46,301.0000,65535.0000,386.0000,85.0000,0.0000,0.0000,0.0000,
1111,911.66,10969.00,1772.78,315.0000,65535.0000,384.0000,69.0000,0.0000,0.0000,0.0000,
1112,911.77,10967.69,1774.09,298.0000,65535.0000,387.0000,89.0000,0.0000,0.0000,0.0000,
1113,911.88,10966.38,1775.40,302.0000,65535.0000,382.0000,80.0000,0.0000,0.0000,0.0000,
1114,911.99,10965.07,1776.70,298.0000,65535.0000,382.0000,84.0000,0.0000,0.0000,0.0000,
1115,912.10,10963.76,1778.01,302.0000,65535.0000,374.0000,72.0000,0.0000,0.0000,0.0000,
1116,912.20,10962.45,1779.32,299.0000,65535.0000,392.0000,93.0000,0.0000,0.0000,0.0000,
1117,912.31,10961.14,1780.63,296.0000,65535.0000,374.0000,78.0000,0.0000,0.0000,0.0000,
1118,912.42,10959.84,1781.94,308.0000,65535.0000,388.0000,80.0000,0.0000,0.0000,0.0000,
1119,912.53,10958.53,1783.24,300.0000,65535.0000,372.0000,72.0000,0.0000,0.0000,0.0000,
1120,912.64,10957.22,1784.55,305.0000,65535.0000,380.0000,75.0000,0.0000,0.0000,0.0000,
1121,912.75,10955.92,1785.86,296.0000,65535.0000,382.0000,86.0000,0.0000,0.0000,0.0000,
1122,912.86,10954.61,1787.16,299.0000,65535.0000,377.0000,78.0000,0.0000,0.0000,0.0000,
1123,912.97,10953.31,1788.47,300.0000,65535.0000,382.0000,82.0000,0.0000,0.0000,0.0000,
1124,913.08,10952.00,1789.77,304.0000,65535.0000,382.0000,78.0000,0.0000,0.0000,0.0000,
1125,913.18,10950.70,1791.08,300.0000,65535.0000,387.0000,87.0000,0.0000,0.0000,0.0000,
1126,913.29,10949.39,1792.38,304.0000,65535.0000,376.0000,72.0000,0.0000,0.0000,0.0000,
1127,913.40,10948.09,1793.69,295.0000,65535.0000,377.0000,82.0000,0.0000,0.0000,0.0000,
1128,913.51,10946.79,1794.99,295.0000,65535.0000,372.0000,77.0000,0.0000,0.0000,0.0000,
1129,913.62,10945.48,1796.29,304.0000,65535.0000,380.0000,76.0000,0.0000,0.0000,0.0000,
1130,913.73,10944.18,1797.59,298.0000,65535.0000,385.0000,87.0000,0.0000,0.0000,0.0000,
1131,913.84,10942.88,1798.89,302.0000,65535.0000,377.0000,75.0000,0.0000,0.0000,0.0000,
1132,913.94,10941.58,1800.20,292.0000,65535.0000,390.0000,98.0000,0.0000,0.0000,0.0000,
1133,914.05,10940.28,1801.50,296.0000,65535.0000,380.0000,84.0000,0.0000,0.0000,0.0000,
1134,914.16,10938.98,1802.80,299.0000,65535.0000,380.0000,81.0000,0.0000,0.0000,0.0000,
1135,914.27,10937.68,1804.10,300.0000,65535.0000,382.0000,82.0000,0.0000,0.0000,0.0000,
1136,914.38,10936.38,1805.40,304.0000,65535.0000,388.0000,84.0000,0.0000,0.0000,0.0000,
1137,914.49,10935.08,1806.69,300.0000,65535.0000,378.0000,78.0000,0.0000,0.0000,0.0000,
1138,914.60,10933.78,1807.99,302.0000,65535.0000,382.0000,80.0000,0.0000,0.0000,0.0000,
1139,914.71,10932.48,1809.29,298.0000,65535.0000,386.0000,88.0000,0.0000,0.0000,0.0000,
1140,914.81,10931.19,1810.59,297.0000,65535.0000,390.0000,93.0000,0.0000,0.0000,0.0000,
1141,914.92,10929.89,1811.88,301.0000,65535.0000,489.0000,188.0000,0.0000,0.0000,0.0000,
1142,915.03,10928.59,1813.18,316.0000,65535.0000,567.0000,251.0000,0.0000,0.0000,0.0000,
1143,915.14,10927.30,1814.48,304.0000,65535.0000,390.0000,86.0000,0.0000,0.0000,0.0000,
1144,915.25,10926.00,1815.77,304.0000,65535.0000,369.0000,65.0000,0.0000,0.0000,0.0000,
1145,915.36,10924.71,1817.07,297.0000,65535.0000,389.0000,92.0000,0.0000,0.0000,0.0000,
1146,915.46,10923.41,1818.36,304.0000,65535.0000,386.0000,82.0000,0.0000,0.0000,0.0000,
1147,915.57,10922.12,1819.66,302.0000,65535.0000,391.0000,89.0000,0.0000,0.0000,0.0000,
1148,915.68,10920.82,1820.95,310.0000,65535.0000,380.0000,70.0000,0.0000,0.0000,0.0000,
1149,915.79,10919.53,1822.24,306.0000,65535.0000,387.0000,81.0000,0.0000,0.0000,0.0000,
1150,915.90,10918.24,1823.54,320.0000,65535.0000,390.0000,70.0000,0.0000,0.0000,0.0000,
1151,916.01,10916.95,1824.83,293.0000,65535.0000,372.0000,79.0000,0.0000,0.0000,0.0000,
1152,916.12,10915.65,1826.12,304.0000,65535.0000,375.0000,71.0000,0.0000,0.0000,0.0000,
1153,916.22,10914.36,1827.41,293.0000,65535.0000,371.0000,78.0000,0.0000,0.0000,0.0000,
1154,916.33,10913.07,1828.70,312.0000,65535.0000,376.0000,64.0000,0.0000,0.0000,0.0000,
1155,916.44,10911.78,1830.00,300.0000,65535.0000,382.0000,82.0000,0.0000,0.0000,0.0000,
1156,916.55,10910.49,1831.29,301.0000,65535.0000,378.0000,77.0000,0.0000,0.0000,0.0000,
1157,916.66,10909.20,1832.58,304.0000,65535.0000,380.0000,76.0000,0.0000,0.0000,0.0000,
1158,916.77,10907.91,1833.86,299.0000,65535.0000,376.0000,77.0000,0.0000,0.0000,0.0000,
1159,916.87,10906.62,1835.15,297.0000,65535.0000,373.0000,76.0000,0.0000,0.0000,0.0000,
1160,916.98,10905.33,1836.44,302.0000,65535.0000,380.0000,78.0000,0.0000,0.0000,0.0000,
1161,917.09,10904.05,1837.73,302.0000,65535.0000,372.0000,70.0000,0.0000,0.0000,0.0000,
1162,917.20,10902.76,1839.02,302.0000,65535.0000,376.0000,74.0000,0.0000,0.0000,0.0000,
1163,917.31,10901.47,1840.30,300.0000,65535.0000,380.0000,80.0000,0.0000,0.0000,0.0000,
1164,917.42,10900.18,1841.59,318.0000,65535.0000,382.0000,64.0000,0.0000,0.0000,0.0000,
1165,917.52,10898.90,1842.88,301.0000,65535.0000,371.0000,70.0000,0.0000,0.0000,0.0000,
1166,917.63,10897.61,1844.16,309.0000,65535.0000,380.0000,71.0000,0.0000,0.0000,0.0000,
1167,917.74,10896.33,1845.45,302.0000,65535.0000,382.0000,80.0000,0.0000,0.0000,0.0000,
1168,917.85,10895.04,1846.73,293.0000,65535.0000,375.0000,82.0000,0.0000,0.0000,0.0000,
1169,917.96,10893.76,1848.02,304.0000,65535.0000,369.0000,65.0000,0.0000,0.0000,0.0000,
1170,918.07,10892.47,1849.30,300.0000,65535.0000,370.0000,70.0000,0.0000,0.0000,0.0000,
1171,918.17,10891.19,1850.58,308.0000,65535.0000,374.0000,66.0000,0.0000,0.0000,0.0000,
1172,918.28,10889.91,1851.87,305.0000,65535.0000,377.0000,72.0000,0.0000,0.0000,0.0000,
1173,918.39,10888.63,1853.15,300.0000,65535.0000,378.0000,78.0000,0.0000,0.0000,0.0000,
1174,918.50,10887.34,1854.43,307.0000,65535.0000,381.0000,74.0000,0.0000,0.0000,0.0000,
1175,918.61,10886.06,1855.71,302.0000,65535.0000,376.0000,74.0000,0.0000,0.0000,0.0000,
1176,918.71,10884.78,1856.99,304.0000,65535.0000,373.0000,69.0000,0.0000,0.0000,0.0000,
1177,918.82,10883.50,1858.28,295.0000,65535.0000,363.0000,68.0000,0.0000,0.0000,0.0000,
1178,918.93,10882.22,1859.56,295.0000,65535.0000,380.0000,85.0000,0.0000,0.0000,0.0000,
1179,919.04,10880.94,1860.84,302.0000,65535.0000,370.0000,68.0000,0.0000,0.0000,0.0000,
1180,919.15,10879.66,1862.11,295.0000,65535.0000,375.0000,80.0000,0.0000,0.0000,0.0000,
1181,919.25,10878.38,1863.39,303.0000,65535.0000,376.0000,73.0000,0.0000,0.0000,0.0000,
1182,919.36,10877.10,1864.67,308.0000,65535.0000,363.0000,55.0000,0.0000,0.0000,0.0000,
1183,919.47,10875.83,1865.95,303.0000,65535.0000,378.0000,75.0000,0.0000,0.0000,0.0000,
1184,919.58,10874.55,1867.23,297.0000,65535.0000,372.0000,75.0000,0.0000,0.0000,0.0000,
1185,919.69,10873.27,1868.50,300.0000,65535.0000,374.0000,74.0000,0.0000,0.0000,0.0000,
1186,919.79,10871.99,1869.78,313.0000,65535.0000,372.0000,59.0000,0.0000,0.0000,0.0000,
1187,919.90,10870.72,1871.06,304.0000,65535.0000,370.0000,66.0000,0.0000,0.0000,0.0000,
1188,920.01,10869.44,1872.33,294.0000,65535.0000,374.0000,80.0000,0.0000,0.0000,0.0000,
1189,920.12,10868.17,1873.61,300.0000,65535.0000,379.0000,79.0000,0.0000,0.0000,0.0000,
1190,920.23,10866.89,1874.88,300.0000,65535.0000,370.0000,70.0000,0.0000,0.0000,0.0000,
1191,920.33,10865.62,1876.16,300.0000,65535.0000,382.0000,82.0000,0.0000,0.0000,0.0000,
1192,920.44,10864.34,1877.43,302.0000,65535.0000,378.0000,76.0000,0.0000,0.0000,0.0000,
1193,920.55,10863.07,1878.71,305.0000,65535.0000,365.0000,60.0000,0.0000,0.0000,0.0000,
1194,920.66,10861.80,1879.98,305.0000,65535.0000,384.0000,79.0000,0.0000,0.0000,0.0000,
1195,920.77,10860.52,1881.25,301.0000,65535.0000,366.0000,65.0000,0.0000,0.0000,0.0000,
1196,920.87,10859.25,1882.52,307.0000,65535.0000,394.0000,87.0000,0.0000,0.0000,0.0000,
1197,920.98,10857.98,1883.80,304.0000,65535.0000,364.0000,60.0000,0.0000,0.0000,0.0000,
1198,921.09,10856.71,1885.07,302.0000,65535.0000,368.0000,66.0000,0.0000,0.0000,0.0000,
1199,921.20,10855.44,1886.34,300.0000,65535.0000,364.0000,64.0000,0.0000,0.0000,0.0000,
1200,921.31,10854.17,1887.61,305.0000,65535.0000,380.0000,75.0000,0.0000,0.0000,0.0000,
1201,921.41,10852.90,1888.88,295.0000,65535.0000,377.0000,82.0000,0.0000,0.0000,0.0000,
1202,921.52,10851.63,1890.15,304.0000,65535.0000,368.0000,64.0000,0.0000,0.0000,0.0000,
1203,921.63,10850.36,1891.42,302.0000,65535.0000,375.0000,73.0000,0.0000,0.0000,0.0000,
1204,921.74,10849.09,1892.68,301.0000,65535.0000,371.0000,70.0000,0.0000,0.0000,0.0000,
1205,921.84,10847.82,1893.95,296.0000,65535.0000,364.0000,68.0000,0.0000,0.0000,0.0000,
1206,921.95,10846.55,1895.22,310.0000,65535.0000,374.0000,64.0000,0.0000,0.0000,0.0000,
1207,922.06,10845.29,1896.49,296.0000,65535.0000,368.0000,72.0000,0.0000,0.0000,0.0000,
1208,922.17,10844.02,1897.75,296.0000,65535.0000,370.0000,74.0000,0.0000,0.0000,0.0000,
1209,922.27,10842.75,1899.02,296.0000,65535.0000,367.0000,71.0000,0.0000,0.0000,0.0000,
1210,922.38,10841.49,1900.29,307.0000,65535.0000,369.0000,62.0000,0.0000,0.0000,0.0000,
1211,922.49,10840.22,1901.55,313.0000,65535.0000,378.0000,65.0000,0.0000,0.0000,0.0000,
1212,922.60,10838.96,1902.82,305.0000,65535.0000,367.0000,62.0000,0.0000,0.0000,0.0000,
1213,922.71,10837.69,1904.08,302.0000,65535.0000,374.0000,72.0000,0.0000,0.0000,0.0000,
1214,922.81,10836.43,1905.35,300.0000,65535.0000,378.0000,78.0000,0.0000,0.0000,0.0000,
1215,922.92,10835.16,1906.61,302.0000,65535.0000,374.0000,72.0000,0.0000,0.0000,0.0000,
1216,923.03,10833.90,1907.87,302.0000,65535.0000,362.0000,60.0000,0.0000,0.0000,0.0000,
1217,923.14,10832.64,1909.14,304.0000,65535.0000,366.0000,62.0000,0.0000,0.0000,0.0000,
1218,923.24,10831.38,1910.40,308.0000,65535.0000,372.0000,64.0000,0.0000,0.0000,0.0000,
1219,923.35,10830.11,1911.66,299.0000,65535.0000,365.0000,66.0000,0.0000,0.0000,0.0000,
1220,923.46,10828.85,1912.92,308.0000,65535.0000,376.0000,68.0000,0.0000,0.0000,0.0000,
1221,923.57,10827.59,1914.18,298.0000,65535.0000,363.0000,65.0000,0.0000,0.0000,0.0000,
1222,923.67,10826.33,1915.44,306.0000,65535.0000,373.0000,67.0000,0.0000,0.0000,0.0000,
1223,923.78,10825.07,1916.70,306.0000,65535.0000,362.0000,56.0000,0.0000,0.0000,0.0000,
1224,923.89,10823.81,1917.96,292.0000,65535.0000,360.0000,68.0000,0.0000,0.0000,0.0000,
1225,924.00,10822.55,1919.22,299.0000,65535.0000,373.0000,74.0000,0.0000,0.0000,0.0000,
1226,924.10,10821.29,1920.48,296.0000,65535.0000,362.0000,66.0000,0.0000,0.0000,0.0000,
1227,924.21,10820.03,1921.74,302.0000,65535.0000,365.0000,63.0000,0.0000,0.0000,0.0000,
1228,924.32,10818.78,1923.00,336.0000,65535.0000,416.0000,80.0000,0.0000,0.0000,0.0000,
1229,924.43,10817.52,1924.26,301.0000,65535.0000,379.0000,78.0000,0.0000,0.0000,0.0000,
1230,924.53,10816.26,1925.51,308.0000,65535.0000,372.0000,64.0000,0.0000,0.0000,0.0000,
1231,924.64,10815.01,1926.77,300.0000,65535.0000,365.0000,65.0000,0.0000,0.0000,0.0000,
1232,924.75,10813.75,1928.03,305.0000,65535.0000,365.0000,60.0000,0.0000,0.0000,0.0000,
1233,924.86,10812.49,1929.28,300.0000,65535.0000,372.0000,72.0000,0.0000,0.0000,0.0000,
1234,924.96,10811.24,1930.54,302.0000,65535.0000,375.0000,73.0000,0.0000,0.0000,0.0000,
1235,925.07,10809.98,1931.79,308.0000,65535.0000,362.0000,54.0000,0.0000,0.0000,0.0000,
1236,925.18,10808.73,1933.05,298.0000,65535.0000,376.0000,78.0000,0.0000,0.0000,0.0000,
1237,925.29,10807.47,1934.30,301.0000,65535.0000,375.0000,74.0000,0.0000,0.0000,0.0000,
1238,925.39,10806.22,1935.55,310.0000,65535.0000,364.0000,54.0000,0.0000,0.0000,0.0000,
1239,925.50,10804.97,1936.81,304.0000,65535.0000,366.0000,62.0000,0.0000,0.0000,0.0000,
1240,925.61,10803.72,1938.06,308.0000,65535.0000,360.0000,52.0000,0.0000,0.0000,0.0000,
1241,925.71,10802.46,1939.31,308.0000,65535.0000,358.0000,50.0000,0.0000,0.0000,0.0000,
1242,925.82,10801.21,1940.56,301.0000,65535.0000,368.0000,67.0000,0.0000,0.0000,0.0000,
1243,925.93,10799.96,1941.82,310.0000,65535.0000,367.0000,57.0000,0.0000,0.0000,0.0000,
1244,926.04,10798.71,1943.07,309.0000,65535.0000,362.0000,53.0000,0.0000,0.0000,0.0000,
1245,926.14,10797.46,1944.32,299.0000,65535.0000,367.0000,68.0000,0.0000,0.0000,0.0000,
1246,926.25,10796.21,1945.57,305.0000,65535.0000,376.0000,71.0000,0.0000,0.0000,0.0000,
1247,926.36,10794.96,1946.82,318.0000,65535.0000,362.0000,44.0000,0.0000,0.0000,0.0000,
1248,926.47,10793.71,1948.07,292.0000,65535.0000,376.0000,84.0000,0.0000,0.0000,0.0000,
1249,926.57,10792.46,1949.31,310.0000,65535.0000,381.0000,71.0000,0.0000,0.0000,0.0000,
1250,926.68,10791.21,1950.56,301.0000,65535.0000,368.0000,67.0000,0.0000,0.0000,0.0000,
1251,926.79,10789.96,1951.81,303.0000,65535.0000,374.0000,71.0000,0.0000,0.0000,0.0000,
1252,926.89,10788.72,1953.06,297.0000,65535.0000,378.0000,81.0000,0.0000,0.0000,0.0000,
1253,927.00,10787.47,1954.30,310.0000,65535.0000,372.0000,62.0000,0.0000,0.0000,0.0000,
1254,927.11,10786.22,1955.55,305.0000,65535.0000,362.0000,57.0000,0.0000,0.0000,0.0000,
1255,927.22,10784.98,1956.80,298.0000,65535.0000,368.0000,70.0000,0.0000,0.0000,0.0000,
1256,927.32,10783.73,1958.04,297.0000,65535.0000,366.0000,69.0000,0.0000,0.0000,0.0000,
1257,927.43,10782.49,1959.29,308.0000,65535.0000,368.0000,60.0000,0.0000,0.0000,0.0000,
1258,927.54,10781.24,1960.53,300.0000,65535.0000,370.0000,70.0000,0.0000,0.0000,0.0000,
1259,927.64,10780.00,1961.78,312.0000,65535.0000,361.0000,49.0000,0.0000,0.0000,0.0000,
1260,927.75,10778.75,1963.02,308.0000,65535.0000,358.0000,50.0000,0.0000,0.0000,0.0000,
1261,927.86,10777.51,1964.26,310.0000,65535.0000,370.0000,60.0000,0.0000,0.0000,0.0000,
1262,927.97,10776.27,1965.51,304.0000,65535.0000,368.0000,64.0000,0.0000,0.0000,0.0000,
1263,928.07,10775.02,1966.75,308.0000,65535.0000,378.0000,70.0000,0.0000,0.0000,0.0000,
1264,928.18,10773.78,1967.99,295.0000,65535.0000,361.0000,66.0000,0.0000,0.0000,0.0000,
1265,928.29,10772.54,1969.23,296.0000,65535.0000,362.0000,66.0000,0.0000,0.0000,0.0000,
1266,928.39,10771.30,1970.48,297.0000,65535.0000,353.0000,56.0000,0.0000,0.0000,0.0000,
1267,928.50,10770.06,1971.72,293.0000,65535.0000,361.0000,68.0000,0.0000,0.0000,0.0000,
1268,928.61,10768.82,1972.96,307.0000,65535.0000,360.0000,53.0000,0.0000,0.0000,0.0000,
1269,928.71,10767.58,1974.20,308.0000,65535.0000,364.0000,56.0000,0.0000,0.0000,0.0000,
1270,928.82,10766.34,1975.44,300.0000,65535.0000,359.0000,59.0000,0.0000,0.0000,0.0000,
1271,928.93,10765.10,1976.68,295.0000,65535.0000,360.0000,65.0000,0.0000,0.0000,0.0000,
1272,929.03,10763.86,1977.91,305.0000,65535.0000,352.0000,47.0000,0.0000,0.0000,0.0000,
1273,929.14,10762.62,1979.15,293.0000,65535.0000,366.0000,73.0000,0.0000,0.0000,0.0000,
1274,929.25,10761.38,1980.39,306.0000,65535.0000,361.0000,55.0000,0.0000,0.0000,0.0000,
1275,929.36,10760.15,1981.63,302.0000,65535.0000,362.0000,60.0000,0.0000,0.0000,0.0000,
1276,929.46,10758.91,1982.87,316.0000,65535.0000,368.0000,52.0000,0.0000,0.0000,0.0000,
1277,929.57,10757.67,1984.10,300.0000,65535.0000,362.0000,62.0000,0.0000,0.0000,0.0000,
1278,929.68,10756.44,1985.34,307.0000,65535.0000,362.0000,55.0000,0.0000,0.0000,0.0000,
1279,929.78,10755.20,1986.57,295.0000,65535.0000,352.0000,57.0000,0.0000,0.0000,0.0000,
1280,929.89,10753.97,1987.81,302.0000,65535.0000,362.0000,60.0000,0.0000,0.0000,0.0000,
1281,930.00,10752.73,1989.04,302.0000,65535.0000,360.0000,58.0000,0.0000,0.0000,0.0000,
1282,930.10,10751.50,1990.28,301.0000,65535.0000,362.0000,61.0000,0.0000,0.0000,0.0000,
1283,930.21,10750.26,1991.51,297.0000,65535.0000,361.0000,64.0000,0.0000,0.0000,0.0000,
1284,930.32,10749.03,1992.75,306.0000,65535.0000,359.0000,53.0000,0.0000,0.0000,0.0000,
1285,930.42,10747.80,1993.98,305.0000,65535.0000,357.0000,52.0000,0.0000,0.0000,0.0000,
1286,930.53,10746.56,1995.21,300.0000,65535.0000,366.0000,66.0000,0.0000,0.0000,0.0000,
1287,930.64,10745.33,1996.44,307.0000,65535.0000,368.0000,61.0000,0.0000,0.0000,0.0000,
1288,930.74,10744.10,1997.67,303.0000,65535.0000,356.0000,53.0000,0.0000,0.0000,0.0000,
1289,930.85,10742.87,1998.91,298.0000,65535.0000,360.0000,62.0000,0.0000,0.0000,0.0000,
1290,930.96,10741.64,2000.14,306.0000,65535.0000,364.0000,58.0000,0.0000,0.0000,0.0000,
1291,931.06,10740.41,2001.37,300.0000,65535.0000,352.0000,52.0000,0.0000,0.0000,0.0000,
1292,931.17,10739.18,2002.60,302.0000,65535.0000,356.0000,54.0000,0.0000,0.0000,0.0000,
1293,931.28,10737.95,2003.83,298.0000,65535.0000,351.0000,53.0000,0.0000,0.0000,0.0000,
1294,931.38,10736.72,2005.06,300.0000,65535.0000,366.0000,66.0000,0.0000,0.0000,0.0000,
1295,931.49,10735.49,2006.29,301.0000,65535.0000,360.0000,59.0000,0.0000,0.0000,0.0000,
1296,931.60,10734.26,2007.51,299.0000,65535.0000,362.0000,63.0000,0.0000,0.0000,0.0000,
1297,931.70,10733.03,2008.74,311.0000,65535.0000,358.0000,47.0000,0.0000,0.0000,0.0000,
1298,931.81,10731.81,2009.97,305.0000,65535.0000,354.0000,49.0000,0.0000,0.0000,0.0000,
1299,931.92,10730.58,2011.20,302.0000,65535.0000,360.0000,58.0000,0.0000,0.0000,0.0000,
1300,932.02,10729.35,2012.42,304.0000,65535.0000,360.0000,56.0000,0.0000,0.0000,0.0000,
1301,932.13,10728.13,2013.65,302.0000,65535.0000,362.0000,60.0000,0.0000,0.0000,0.0000,
1302,932.24,10726.90,2014.87,304.0000,65535.0000,364.0000,60.0000,0.0000,0.0000,0.0000,
1303,932.34,10725.68,2016.10,296.0000,65535.0000,362.0000,66.0000,0.0000,0.0000,0.0000,
1304,932.45,10724.45,2017.32,309.0000,65535.0000,358.0000,49.0000,0.0000,0.0000,0.0000,
1305,932.56,10723.23,2018.55,298.0000,65535.0000,362.0000,64.0000,0.0000,0.0000,0.0000,
1306,932.66,10722.00,2019.77,298.0000,65535.0000,367.0000,69.0000,0.0000,0.0000,0.0000,
1307,932.77,10720.78,2021.00,304.0000,65535.0000,358.0000,54.0000,0.0000,0.0000,0.0000,
1308,932.87,10719.56,2022.22,304.0000,65535.0000,370.0000,66.0000,0.0000,0.0000,0.0000,
1309,932.98,10718.33,2023.44,298.0000,65535.0000,368.0000,70.0000,0.0000,0.0000,0.0000,
1310,933.09,10717.11,2024.66,309.0000,65535.0000,357.0000,48.0000,0.0000,0.0000,0.0000,
1311,933.19,10715.89,2025.89,308.0000,65535.0000,368.0000,60.0000,0.0000,0.0000,0.0000,
1312,933.30,10714.67,2027.11,305.0000,65535.0000,363.0000,58.0000,0.0000,0.0000,0.0000,
1313,933.41,10713.45,2028.33,302.0000,65535.0000,349.0000,47.0000,0.0000,0.0000,0.0000,
1314,933.51,10712.23,2029.55,302.0000,65535.0000,355.0000,53.0000,0.0000,0.0000,0.0000,
1315,933.62,10711.01,2030.77,302.0000,65535.0000,364.0000,62.0000,0.0000,0.0000,0.0000,
1316,933.73,10709.79,2031.99,300.0000,65535.0000,358.0000,58.0000,0.0000,0.0000,0.0000,
1317,933.83,10708.57,2033.21,298.0000,65535.0000,357.0000,59.0000,0.0000,0.0000,0.0000,
1318,933.94,10707.35,2034.43,304.0000,65535.0000,364.0000,60.0000,0.0000,0.0000,0.0000,
1319,934.04,10706.13,2035.65,324.0000,65535.0000,357.0000,33.0000,0.0000,0.0000,0.0000,
1320,934.15,10704.91,2036.86,309.0000,65535.0000,356.0000,47.0000,0.0000,0.0000,0.0000,
1321,934.26,10703.69,2038.08,304.0000,65535.0000,359.0000,55.0000,0.0000,0.0000,0.0000,
1322,934.36,10702.48,2039.30,307.0000,65535.0000,344.0000,37.0000,0.0000,0.0000,0.0000,
1323,934.47,10701.26,2040.52,300.0000,65535.0000,358.0000,58.0000,0.0000,0.0000,0.0000,
1324,934.58,10700.04,2041.73,310.0000,65535.0000,360.0000,50.0000,0.0000,0.0000,0.0000,
1325,934.68,10698.83,2042.95,307.0000,65535.0000,362.0000,55.0000,0.0000,0.0000,0.0000,
1326,934.79,10697.61,2044.16,307.0000,65535.0000,372.0000,65.0000,0.0000,0.0000,0.0000,
1327,934.89,10696.40,2045.38,304.0000,65535.0000,368.0000,64.0000,0.0000,0.0000,0.0000,
1328,935.00,10695.18,2046.59,309.0000,65535.0000,366.0000,57.0000,0.0000,0.0000,0.0000,
1329,935.11,10693.97,2047.81,297.0000,65535.0000,347.0000,50.0000,0.0000,0.0000,0.0000,
1330,935.21,10692.75,2049.02,305.0000,65535.0000,361.0000,56.0000,0.0000,0.0000,0.0000,
1331,935.32,10691.54,2050.23,303.0000,65535.0000,352.0000,49.0000,0.0000,0.0000,0.0000,
1332,935.42,10690.33,2051.45,306.0000,65535.0000,364.0000,58.0000,0.0000,0.0000,0.0000,
1333,935.53,10689.12,2052.66,301.0000,65535.0000,364.0000,63.0000,0.0000,0.0000,0.0000,
1334,935.64,10687.90,2053.87,304.0000,65535.0000,356.0000,52.0000,0.0000,0.0000,0.0000,
1335,935.74,10686.69,2055.08,304.0000,65535.0000,369.0000,65.0000,0.0000,0.0000,0.0000,
1336,935.85,10685.48,2056.29,301.0000,65535.0000,360.0000,59.0000,0.0000,0.0000,0.0000,
1337,935.96,10684.27,2057.51,304.0000,65535.0000,356.0000,52.0000,0.0000,0.0000,0.0000,
1338,936.06,10683.06,2058.72,299.0000,65535.0000,360.0000,61.0000,0.0000,0.0000,0.0000,
1339,936.17,10681.85,2059.93,305.0000,65535.0000,361.0000,56.0000,0.0000,0.0000,0.0000,
1340,936.27,10680.64,2061.13,306.0000,65535.0000,358.0000,52.0000,0.0000,0.0000,0.0000,
1341,936.38,10679.43,2062.34,300.0000,65535.0000,360.0000,60.0000,0.0000,0.0000,0.0000,
1342,936.49,10678.22,2063.55,302.0000,65535.0000,362.0000,60.0000,0.0000,0.0000,0.0000,
1343,936.59,10677.01,2064.76,308.0000,65535.0000,362.0000,54.0000,0.0000,0.0000,0.0000,
1344,936.70,10675.81,2065.97,304.0000,65535.0000,356.0000,52.0000,0.0000,0.0000,0.0000,
1345,936.80,10674.60,2067.18,303.0000,65535.0000,360.0000,57.0000,0.0000,0.0000,0.0000,
1346,936.91,10673.39,2068.38,299.0000,65535.0000,352.0000,53.0000,0.0000,0.0000,0.0000,
1347,937.02,10672.19,2069.59,308.0000,65535.0000,352.0000,44.0000,0.0000,0.0000,0.0000,
1348,937.12,10670.98,2070.80,304.0000,65535.0000,358.0000,54.0000,0.0000,0.0000,0.0000,
1349,937.23,10669.77,2072.00,322.0000,65535.0000,378.0000,56.0000,0.0000,0.0000,0.0000,
1350,937.33,10668.57,2073.21,312.0000,65535.0000,371.0000,59.0000,0.0000,0.0000,0.0000,
1351,937.44,10667.36,2074.41,306.0000,65535.0000,342.0000,36.0000,0.0000,0.0000,0.0000,
1352,937.54,10666.16,2075.62,305.0000,65535.0000,372.0000,67.0000,0.0000,0.0000,0.0000,
1353,937.65,10664.96,2076.82,302.0000,65535.0000,353.0000,51.0000,0.0000,0.0000,0.0000,
1354,937.76,10663.75,2078.02,308.0000,65535.0000,353.0000,45.0000,0.0000,0.0000,0.0000,
1355,937.86,10662.55,2079.23,299.0000,65535.0000,362.0000,63.0000,0.0000,0.0000,0.0000,
1356,937.97,10661.35,2080.43,305.0000,65535.0000,342.0000,37.0000,0.0000,0.0000,0.0000,
1357,938.07,10660.14,2081.63,303.0000,65535.0000,348.0000,45.0000,0.0000,0.0000,0.0000,
1358,938.18,10658.94,2082.83,309.0000,65535.0000,348.0000,39.0000,0.0000,0.0000,0.0000,
1359,938.29,10657.74,2084.04,308.0000,65535.0000,352.0000,44.0000,0.0000,0.0000,0.0000,
1360,938.39,10656.54,2085.24,301.0000,65535.0000,349.0000,48.0000,0.0000,0.0000,0.0000,
1361,938.50,10655.34,2086.44,307.0000,65535.0000,356.0000,49.0000,0.0000,0.0000,0.0000,
1362,938.60,10654.14,2087.64,301.0000,65535.0000,350.0000,49.0000,0.0000,0.0000,0.0000,
1363,938.71,10652.94,2088.84,303.0000,65535.0000,344.0000,41.0000,0.0000,0.0000,0.0000,
1364,938.81,10651.74,2090.04,296.0000,65535.0000,357.0000,61.0000,0.0000,0.0000,0.0000,
1365,938.92,10650.54,2091.24,303.0000,65535.0000,360.0000,57.0000,0.0000,0.0000,0.0000,
1366,939.03,10649.34,2092.43,308.0000,65535.0000,345.0000,37.0000,0.0000,0.0000,0.0000,
1367,939.13,10648.14,2093.63,312.0000,65535.0000,354.0000,42.0000,0.0000,0.0000,0.0000,
1368,939.24,10646.95,2094.83,305.0000,65535.0000,351.0000,46.0000,0.0000,0.0000,0.0000,
1369,939.34,10645.75,2096.03,312.0000,65535.0000,357.0000,45.0000,0.0000,0.0000,0.0000,
1370,939.45,10644.55,2097.22,305.0000,65535.0000,351.0000,46.0000,0.0000,0.0000,0.0000,
1371,939.55,10643.36,2098.42,297.0000,65535.0000,341.0000,44.0000,0.0000,0.0000,0.0000,
1372,939.66,10642.16,2099.62,304.0000,65535.0000,362.0000,58.0000,0.0000,0.0000,0.0000,
1373,939.76,10640.96,2100.81,300.0000,65535.0000,349.0000,49.0000,0.0000,0.0000,0.0000,
1374,939.87,10639.77,2102.01,306.0000,65535.0000,360.0000,54.0000,0.0000,0.0000,0.0000,
1375,939.98,10638.57,2103.20,293.0000,65535.0000,343.0000,50.0000,0.0000,0.0000,0.0000,
1376,940.08,10637.38,2104.40,306.0000,65535.0000,350.0000,44.0000,0.0000,0.0000,0.0000,
1377,940.19,10636.19,2105.59,302.0000,65535.0000,343.0000,41.0000,0.0000,0.0000,0.0000,
1378,940.29,10634.99,2106.78,303.0000,65535.0000,343.0000,40.0000,0.0000,0.0000,0.0000,
1379,940.40,10633.80,2107.98,301.0000,65535.0000,364.0000,63.0000,0.0000,0.0000,0.0000,
1380,940.50,10632.61,2109.17,301.0000,65535.0000,352.0000,51.0000,0.0000,0.0000,0.0000,
1381,940.61,10631.41,2110.36,306.0000,65535.0000,360.0000,54.0000,0.0000,0.0000,0.0000,
1382,940.71,10630.22,2111.55,300.0000,65535.0000,356.0000,56.0000,0.0000,0.0000,0.0000,
1383,940.82,10629.03,2112.74,296.0000,65535.0000,352.0000,56.0000,0.0000,0.0000,0.0000,
1384,940.92,10627.84,2113.94,310.0000,65535.0000,354.0000,44.0000,0.0000,0.0000,0.0000,
1385,941.03,10626.65,2115.13,300.0000,65535.0000,348.0000,48.0000,0.0000,0.0000,0.0000,
1386,941.14,10625.46,2116.32,301.0000,65535.0000,352.0000,51.0000,0.0000,0.0000,0.0000,
1387,941.24,10624.27,2117.51,306.0000,65535.0000,349.0000,43.0000,0.0000,0.0000,0.0000,
1388,941.35,10623.08,2118.70,304.0000,65535.0000,362.0000,58.0000,0.0000,0.0000,0.0000,
1389,941.45,10621.89,2119.88,314.0000,65535.0000,368.0000,54.0000,0.0000,0.0000,0.0000,
1390,941.56,10620.70,2121.07,301.0000,65535.0000,351.0000,50.0000,0.0000,0.0000,0.0000,
1391,941.66,10619.51,2122.26,308.0000,65535.0000,354.0000,46.0000,0.0000,0.0000,0.0000,
1392,941.77,10618.33,2123.45,305.0000,65535.0000,358.0000,53.0000,0.0000,0.0000,0.0000,
1393,941.87,10617.14,2124.64,307.0000,65535.0000,354.0000,47.0000,0.0000,0.0000,0.0000,
1394,941.98,10615.95,2125.82,302.0000,65535.0000,347.0000,45.0000,0.0000,0.0000,0.0000,
1395,942.08,10614.77,2127.01,297.0000,65535.0000,340.0000,43.0000,0.0000,0.0000,0.0000,
1396,942.19,10613.58,2128.19,304.0000,65535.0000,355.0000,51.0000,0.0000,0.0000,0.0000,
1397,942.29,10612.39,2129.38,303.0000,65535.0000,350.0000,47.0000,0.0000,0.0000,0.0000,
1398,942.40,10611.21,2130.57,300.0000,65535.0000,352.0000,52.0000,0.0000,0.0000,0.0000,
1399,942.50,10610.02,2131.75,308.0000,65535.0000,350.0000,42.0000,0.0000,0.0000,0.0000,
1400,942.61,10608.84,2132.93,302.0000,65535.0000,338.0000,36.0000,0.0000,0.0000,0.0000,
1401,942.72,10607.66,2134.12,306.0000,65535.0000,346.0000,40.0000,0.0000,0.0000,0.0000,
1402,942.82,10606.47,2135.30,300.0000,65535.0000,348.0000,48.0000,0.0000,0.0000,0.0000,
1403,942.93,10605.29,2136.49,296.0000,65535.0000,345.0000,49.0000,0.0000,0.0000,0.0000,
1404,943.03,10604.11,2137.67,306.0000,65535.0000,350.0000,44.0000,0.0000,0.0000,0.0000,
1405,943.14,10602.93,2138.85,309.0000,65535.0000,352.0000,43.0000,0.0000,0.0000,0.0000,
1406,943.24,10601.74,2140.03,308.0000,65535.0000,354.0000,46.0000,0.0000,0.0000,0.0000,
1407,943.35,10600.56,2141.21,306.0000,65535.0000,355.0000,49.0000,0.0000,0.0000,0.0000,
1408,943.45,10599.38,2142.39,299.0000,65535.0000,346.0000,47.0000,0.0000,0.0000,0.0000,
1409,943.56,10598.20,2143.57,298.0000,65535.0000,345.0000,47.0000,0.0000,0.0000,0.0000,
1410,943.66,10597.02,2144.76,306.0000,65535.0000,349.0000,43.0000,0.0000,0.0000,0.0000,
1411,943.77,10595.84,2145.93,297.0000,65535.0000,356.0000,59.0000,0.0000,0.0000,0.0000,
1412,943.87,10594.66,2147.11,304.0000,65535.0000,350.0000,46.0000,0.0000,0.0000,0.0000,
1413,943.98,10593.48,2148.29,306.0000,65535.0000,355.0000,49.0000,0.0000,0.0000,0.0000,
1414,944.08,10592.30,2149.47,302.0000,65535.0000,341.0000,39.0000,0.0000,0.0000,0.0000,
1415,944.19,10591.13,2150.65,301.0000,65535.0000,351.0000,50.0000,0.0000,0.0000,0.0000,
1416,944.29,10589.95,2151.83,306.0000,65535.0000,346.0000,40.0000,0.0000,0.0000,0.0000,
1417,944.40,10588.77,2153.00,302.0000,65535.0000,346.0000,44.0000,0.0000,0.0000,0.0000,
1418,944.50,10587.59,2154.18,305.0000,65535.0000,342.0000,37.0000,0.0000,0.0000,0.0000,
1419,944.61,10586.42,2155.36,310.0000,65535.0000,349.0000,39.0000,0.0000,0.0000,0.0000,
1420,944.71,10585.24,2156.53,302.0000,65535.0000,351.0000,49.0000,0.0000,0.0000,0.0000,
1421,944.82,10584.07,2157.71,297.0000,65535.0000,348.0000,51.0000,0.0000,0.0000,0.0000,
1422,944.92,10582.89,2158.89,304.0000,65535.0000,348.0000,44.0000,0.0000,0.0000,0.0000,
1423,945.03,10581.72,2160.06,304.0000,65535.0000,352.0000,48.0000,0.0000,0.0000,0.0000,
1424,945.13,10580.54,2161.23,302.0000,65535.0000,348.0000,46.0000,0.0000,0.0000,0.0000,
1425,945.24,10579.37,2162.41,314.0000,65535.0000,353.0000,39.0000,0.0000,0.0000,0.0000,
1426,945.34,10578.19,2163.58,307.0000,65535.0000,350.0000,43.0000,0.0000,0.0000,0.0000,
1427,945.45,10577.02,2164.75,306.0000,65535.0000,354.0000,48.0000,0.0000,0.0000,0.0000,
1428,945.55,10575.85,2165.93,294.0000,65535.0000,340.0000,46.0000,0.0000,0.0000,0.0000,
1429,945.66,10574.68,2167.10,300.0000,65535.0000,349.0000,49.0000,0.0000,0.0000,0.0000,
1430,945.76,10573.50,2168.27,297.0000,65535.0000,345.0000,48.0000,0.0000,0.0000,0.0000,
1431,945.87,10572.33,2169.44,304.0000,65535.0000,341.0000,37.0000,0.0000,0.0000,0.0000,
1432,945.97,10571.16,2170.61,298.0000,65535.0000,339.0000,41.0000,0.0000,0.0000,0.0000,
1433,946.07,10569.99,2171.79,298.0000,65535.0000,342.0000,44.0000,0.0000,0.0000,0.0000,
1434,946.18,10568.82,2172.96,310.0000,65535.0000,376.0000,66.0000,0.0000,0.0000,0.0000,
1435,946.28,10567.65,2174.13,299.0000,65535.0000,355.0000,56.0000,0.0000,0.0000,0.0000,
1436,946.39,10566.48,2175.29,298.0000,65535.0000,352.0000,54.0000,0.0000,0.0000,0.0000,
1437,946.49,10565.31,2176.46,304.0000,65535.0000,347.0000,43.0000,0.0000,0.0000,0.0000,
1438,946.60,10564.14,2177.63,296.0000,65535.0000,353.0000,57.0000,0.0000,0.0000,0.0000,
1439,946.70,10562.97,2178.80,305.0000,65535.0000,343.0000,38.0000,0.0000,0.0000,0.0000,
1440,946.81,10561.81,2179.97,299.0000,65535.0000,358.0000,59.0000,0.0000,0.0000,0.0000,
1441,946.91,10560.64,2181.14,308.0000,65535.0000,350.0000,42.0000,0.0000,0.0000,0.0000,
1442,947.02,10559.47,2182.30,297.0000,65535.0000,353.0000,56.0000,0.0000,0.0000,0.0000,
1443,947.12,10558.31,2183.47,300.0000,65535.0000,348.0000,48.0000,0.0000,0.0000,0.0000,
1444,947.23,10557.14,2184.64,298.0000,65535.0000,339.0000,41.0000,0.0000,0.0000,0.0000,
1445,947.33,10555.97,2185.80,306.0000,65535.0000,356.0000,50.0000,0.0000,0.0000,0.0000,
1446,947.44,10554.81,2186.97,319.0000,65535.0000,353.0000,34.0000,0.0000,0.0000,0.0000,
1447,947.54,10553.64,2188.13,299.0000,65535.0000,341.0000,42.0000,0.0000,0.0000,0.0000,
1448,947.64,10552.48,2189.30,304.0000,65535.0000,339.0000,35.0000,0.0000,0.0000,0.0000,
1449,947.75,10551.31,2190.46,309.0000,65535.0000,342.0000,33.0000,0.0000,0.0000,0.0000,
1450,947.85,10550.15,2191.62,298.0000,65535.0000,338.0000,40.0000,0.0000,0.0000,0.0000,
1451,947.96,10548.99,2192.79,307.0000,65535.0000,338.0000,31.0000,0.0000,0.0000,0.0000,
1452,948.06,10547.82,2193.95,308.0000,65535.0000,344.0000,36.0000,0.0000,0.0000,0.0000,
1453,948.17,10546.66,2195.11,296.0000,65535.0000,346.0000,50.0000,0.0000,0.0000,0.0000,
1454,948.27,10545.50,2196.28,303.0000,65535.0000,353.0000,50.0000,0.0000,0.0000,0.0000,
1455,948.38,10544.34,2197.44,341.0000,65535.0000,391.0000,50.0000,0.0000,0.0000,0.0000,
1456,948.48,10543.18,2198.60,309.0000,65535.0000,352.0000,43.0000,0.0000,0.0000,0.0000,
1457,948.59,10542.02,2199.76,304.0000,65535.0000,350.0000,46.0000,0.0000,0.0000,0.0000,
1458,948.69,10540.86,2200.92,304.0000,65535.0000,336.0000,32.0000,0.0000,0.0000,0.0000,
1459,948.79,10539.70,2202.08,300.0000,65535.0000,353.0000,53.0000,0.0000,0.0000,0.0000,
1460,948.90,10538.54,2203.24,297.0000,65535.0000,345.0000,48.0000,0.0000,0.0000,0.0000,
1461,949.00,10537.38,2204.40,301.0000,65535.0000,344.0000,43.0000,0.0000,0.0000,0.0000,
1462,949.11,10536.22,2205.56,305.0000,65535.0000,344.0000,39.0000,0.0000,0.0000,0.0000,
1463,949.21,10535.06,2206.72,301.0000,65535.0000,344.0000,43.0000,0.0000,0.0000,0.0000,
1464,949.32,10533.90,2207.87,301.0000,65535.0000,343.0000,42.0000,0.0000,0.0000,0.0000,
1465,949.42,10532.74,2209.03,304.0000,65535.0000,346.0000,42.0000,0.0000,0.0000,0.0000,
1466,949.52,10531.59,2210.19,298.0000,65535.0000,340.0000,42.0000,0.0000,0.0000,0.0000,
1467,949.63,10530.43,2211.35,292.0000,65535.0000,343.0000,51.0000,0.0000,0.0000,0.0000,
1468,949.73,10529.27,2212.50,314.0000,65535.0000,348.0000,34.0000,0.0000,0.0000,0.0000,
1469,949.84,10528.12,2213.66,299.0000,65535.0000,347.0000,48.0000,0.0000,0.0000,0.0000,
1470,949.94,10526.96,2214.81,302.0000,65535.0000,340.0000,38.0000,0.0000,0.0000,0.0000,
1471,950.05,10525.81,2215.97,304.0000,65535.0000,341.0000,37.0000,0.0000,0.0000,0.0000,
1472,950.15,10524.65,2217.12,298.0000,65535.0000,344.0000,46.0000,0.0000,0.0000,0.0000,
1473,950.25,10523.50,2218.28,310.0000,65535.0000,356.0000,46.0000,0.0000,0.0000,0.0000,
1474,950.36,10522.34,2219.43,303.0000,65535.0000,345.0000,42.0000,0.0000,0.0000,0.0000,
1475,950.46,10521.19,2220.59,312.0000,65535.0000,344.0000,32.0000,0.0000,0.0000,0.0000,
1476,950.57,10520.04,2221.74,302.0000,65535.0000,334.0000,32.0000,0.0000,0.0000,0.0000,
1477,950.67,10518.88,2222.89,300.0000,65535.0000,334.0000,34.0000,0.0000,0.0000,0.0000,
1478,950.78,10517.73,2224.04,298.0000,65535.0000,338.0000,40.0000,0.0000,0.0000,0.0000,
1479,950.88,10516.58,2225.20,308.0000,65535.0000,343.0000,35.0000,0.0000,0.0000,0.0000,
1480,950.98,10515.43,2226.35,308.0000,65535.0000,339.0000,31.0000,0.0000,0.0000,0.0000,
1481,951.09,10514.28,2227.50,305.0000,65535.0000,353.0000,48.0000,0.0000,0.0000,0.0000,
1482,951.19,10513.13,2228.65,304.0000,65535.0000,348.0000,44.0000,0.0000,0.0000,0.0000,
1483,951.30,10511.97,2229.80,299.0000,65535.0000,344.0000,45.0000,0.0000,0.0000,0.0000,
1484,951.40,10510.83,2230.95,301.0000,65535.0000,347.0000,46.0000,0.0000,0.0000,0.0000,
1485,951.50,10509.68,2232.10,298.0000,65535.0000,336.0000,38.0000,0.0000,0.0000,0.0000,
1486,951.61,10508.53,2233.25,297.0000,65535.0000,352.0000,55.0000,0.0000,0.0000,0.0000,
1487,951.71,10507.38,2234.40,294.0000,65535.0000,345.0000,51.0000,0.0000,0.0000,0.0000,
1488,951.82,10506.23,2235.55,304.0000,65535.0000,333.0000,29.0000,0.0000,0.0000,0.0000,
1489,951.92,10505.08,2236.69,304.0000,65535.0000,346.0000,42.0000,0.0000,0.0000,0.0000,
1490,952.02,10503.93,2237.84,308.0000,65535.0000,345.0000,37.0000,0.0000,0.0000,0.0000,
1491,952.13,10502.79,2238.99,300.0000,65535.0000,350.0000,50.0000,0.0000,0.0000,0.0000,
1492,952.23,10501.64,2240.14,306.0000,65535.0000,350.0000,44.0000,0.0000,0.0000,0.0000,
1493,952.34,10500.49,2241.28,297.0000,65535.0000,338.0000,41.0000,0.0000,0.0000,0.0000,
1494,952.44,10499.35,2242.43,298.0000,65535.0000,340.0000,42.0000,0.0000,0.0000,0.0000,
1495,952.54,10498.20,2243.57,299.0000,65535.0000,354.0000,55.0000,0.0000,0.0000,0.0000,
1496,952.65,10497.06,2244.72,307.0000,65535.0000,339.0000,32.0000,0.0000,0.0000,0.0000,
1497,952.75,10495.91,2245.86,303.0000,65535.0000,345.0000,42.0000,0.0000,0.0000,0.0000,
1498,952.86,10494.77,2247.01,307.0000,65535.0000,340.0000,33.0000,0.0000,0.0000,0.0000,
1499,952.96,10493.62,2248.15,301.0000,65535.0000,347.0000,46.0000,0.0000,0.0000,0.0000,
1500,953.06,10492.48,2249.29,297.0000,65535.0000,340.0000,43.0000,0.0000,0.0000,0.0000,
1501,953.17,10491.34,2250.44,304.0000,65535.0000,339.0000,35.0000,0.0000,0.0000,0.0000,
1502,953.27,10490.19,2251.58,302.0000,65535.0000,344.0000,42.0000,0.0000,0.0000,0.0000,
1503,953.37,10489.05,2252.72,300.0000,65535.0000,342.0000,42.0000,0.0000,0.0000,0.0000,
1504,953.48,10487.91,2253.86,304.0000,65535.0000,344.0000,40.0000,0.0000,0.0000,0.0000,
1505,953.58,10486.77,2255.01,297.0000,65535.0000,349.0000,52.0000,0.0000,0.0000,0.0000,
1506,953.69,10485.63,2256.15,298.0000,65535.0000,341.0000,43.0000,0.0000,0.0000,0.0000,
1507,953.79,10484.49,2257.29,302.0000,65535.0000,322.0000,20.0000,0.0000,0.0000,0.0000,
1508,953.89,10483.35,2258.43,305.0000,65535.0000,348.0000,43.0000,0.0000,0.0000,0.0000,
1509,954.00,10482.21,2259.57,295.0000,65535.0000,322.0000,27.0000,0.0000,0.0000,0.0000,
1510,954.10,10481.07,2260.71,306.0000,65535.0000,354.0000,48.0000,0.0000,0.0000,0.0000,
1511,954.21,10479.93,2261.85,300.0000,65535.0000,341.0000,41.0000,0.0000,0.0000,0.0000,
1512,954.31,10478.79,2262.99,304.0000,65535.0000,342.0000,38.0000,0.0000,0.0000,0.0000,
1513,954.41,10477.65,2264.12,302.0000,65535.0000,338.0000,36.0000,0.0000,0.0000,0.0000,
1514,954.52,10476.51,2265.26,300.0000,65535.0000,346.0000,46.0000,0.0000,0.0000,0.0000,
1515,954.62,10475.38,2266.40,305.0000,65535.0000,332.0000,27.0000,0.0000,0.0000,0.0000,
1516,954.72,10474.24,2267.54,299.0000,65535.0000,334.0000,35.0000,0.0000,0.0000,0.0000,
1517,954.83,10473.10,2268.67,298.0000,65535.0000,348.0000,50.0000,0.0000,0.0000,0.0000,
1518,954.93,10471.97,2269.81,306.0000,65535.0000,340.0000,34.0000,0.0000,0.0000,0.0000,
1519,955.03,10470.83,2270.95,298.0000,65535.0000,349.0000,51.0000,0.0000,0.0000,0.0000,
1520,955.14,10469.69,2272.08,295.0000,65535.0000,339.0000,44.0000,0.0000,0.0000,0.0000,
1521,955.24,10468.56,2273.22,300.0000,65535.0000,336.0000,36.0000,0.0000,0.0000,0.0000,
1522,955.34,10467.42,2274.35,299.0000,65535.0000,339.0000,40.0000,0.0000,0.0000,0.0000,
1523,955.45,10466.29,2275.49,304.0000,65535.0000,340.0000,36.0000,0.0000,0.0000,0.0000,
1524,955.55,10465.16,2276.62,306.0000,65535.0000,343.0000,37.0000,0.0000,0.0000,0.0000,
1525,955.66,10464.02,2277.75,301.0000,65535.0000,336.0000,35.0000,0.0000,0.0000,0.0000,
1526,955.76,10462.89,2278.89,297.0000,65535.0000,330.0000,33.0000,0.0000,0.0000,0.0000,
1527,955.86,10461.76,2280.02,296.0000,65535.0000,345.0000,49.0000,0.0000,0.0000,0.0000,
1528,955.97,10460.62,2281.15,298.0000,65535.0000,328.0000,30.0000,0.0000,0.0000,0.0000,
1529,956.07,10459.49,2282.28,299.0000,65535.0000,335.0000,36.0000,0.0000,0.0000,0.0000,
1530,956.17,10458.36,2283.41,308.0000,65535.0000,337.0000,29.0000,0.0000,0.0000,0.0000,
1531,956.28,10457.23,2284.55,299.0000,65535.0000,342.0000,43.0000,0.0000,0.0000,0.0000,
1532,956.38,10456.10,2285.68,309.0000,65535.0000,346.0000,37.0000,0.0000,0.0000,0.0000,
1533,956.48,10454.97,2286.81,308.0000,65535.0000,340.0000,32.0000,0.0000,0.0000,0.0000,
1534,956.59,10453.84,2287.94,293.0000,65535.0000,334.0000,41.0000,0.0000,0.0000,0.0000,
1535,956.69,10452.71,2289.07,296.0000,65535.0000,346.0000,50.0000,0.0000,0.0000,0.0000,
1536,956.79,10451.58,2290.20,294.0000,65535.0000,334.0000,40.0000,0.0000,0.0000,0.0000,
1537,956.90,10450.45,2291.32,304.0000,65535.0000,336.0000,32.0000,0.0000,0.0000,0.0000,
1538,957.00,10449.32,2292.45,305.0000,65535.0000,340.0000,35.0000,0.0000,0.0000,0.0000,
1539,957.10,10448.19,2293.58,303.0000,65535.0000,348.0000,45.0000,0.0000,0.0000,0.0000,
1540,957.21,10447.07,2294.71,294.0000,65535.0000,337.0000,43.0000,0.0000,0.0000,0.0000,
1541,957.31,10445.94,2295.84,311.0000,65535.0000,350.0000,39.0000,0.0000,0.0000,0.0000,
1542,957.41,10444.81,2296.96,298.0000,65535.0000,337.0000,39.0000,0.0000,0.0000,0.0000,
1543,957.52,10443.69,2298.09,305.0000,65535.0000,332.0000,27.0000,0.0000,0.0000,0.0000,
1544,957.62,10442.56,2299.21,292.0000,65535.0000,332.0000,40.0000,0.0000,0.0000,0.0000,
1545,957.72,10441.43,2300.34,300.0000,65535.0000,334.0000,34.0000,0.0000,0.0000,0.0000,
1546,957.83,10440.31,2301.47,305.0000,65535.0000,341.0000,36.0000,0.0000,0.0000,0.0000,
1547,957.93,10439.18,2302.59,305.0000,65535.0000,342.0000,37.0000,0.0000,0.0000,0.0000,
1548,958.03,10438.06,2303.71,305.0000,65535.0000,348.0000,43.0000,0.0000,0.0000,0.0000,
1549,958.14,10436.94,2304.84,312.0000,65535.0000,342.0000,30.0000,0.0000,0.0000,0.0000,
1550,958.24,10435.81,2305.96,307.0000,65535.0000,347.0000,40.0000,0.0000,0.0000,0.0000,
1551,958.34,10434.69,2307.09,300.0000,65535.0000,362.0000,62.0000,0.0000,0.0000,0.0000,
1552,958.45,10433.57,2308.21,299.0000,65535.0000,350.0000,51.0000,0.0000,0.0000,0.0000,
1553,958.55,10432.44,2309.33,299.0000,65535.0000,349.0000,50.0000,0.0000,0.0000,0.0000,
1554,958.65,10431.32,2310.45,296.0000,65535.0000,360.0000,64.0000,0.0000,0.0000,0.0000,
1555,958.75,10430.20,2311.57,303.0000,65535.0000,352.0000,49.0000,0.0000,0.0000,0.0000,
1556,958.86,10429.08,2312.70,303.0000,65535.0000,364.0000,61.0000,0.0000,0.0000,0.0000,
1557,958.96,10427.96,2313.82,301.0000,65535.0000,347.0000,46.0000,0.0000,0.0000,0.0000,
1558,959.06,10426.84,2314.94,297.0000,65535.0000,351.0000,54.0000,0.0000,0.0000,0.0000,
1559,959.17,10425.72,2316.06,300.0000,65535.0000,354.0000,54.0000,0.0000,0.0000,0.0000,
1560,959.27,10424.60,2317.18,297.0000,65535.0000,344.0000,47.0000,0.0000,0.0000,0.0000,
1561,959.37,10423.48,2318.30,302.0000,65535.0000,357.0000,55.0000,0.0000,0.0000,0.0000,
1562,959.48,10422.36,2319.42,300.0000,65535.0000,352.0000,52.0000,0.0000,0.0000,0.0000,
1563,959.58,10421.24,2320.53,301.0000,65535.0000,354.0000,53.0000,0.0000,0.0000,0.0000,
1564,959.68,10420.12,2321.65,296.0000,65535.0000,358.0000,62.0000,0.0000,0.0000,0.0000,
1565,959.78,10419.01,2322.77,311.0000,65535.0000,357.0000,46.0000,0.0000,0.0000,0.0000,
1566,959.89,10417.89,2323.89,308.0000,65535.0000,362.0000,54.0000,0.0000,0.0000,0.0000,
1567,959.99,10416.77,2325.00,302.0000,65535.0000,388.0000,86.0000,0.0000,0.0000,0.0000,
1568,960.09,10415.65,2326.12,304.0000,65535.0000,404.0000,100.0000,0.0000,0.0000,0.0000,
1569,960.20,10414.54,2327.24,292.0000,65535.0000,436.0000,144.0000,0.0000,0.0000,0.0000,
1570,960.30,10413.42,2328.35,302.0000,65535.0000,458.0000,156.0000,0.0000,0.0000,0.0000,
1571,960.40,10412.31,2329.47,299.0000,65535.0000,421.0000,122.0000,0.0000,0.0000,0.0000,
1572,960.50,10411.19,2330.58,305.0000,65535.0000,416.0000,111.0000,0.0000,0.0000,0.0000,
1573,960.61,10410.08,2331.70,300.0000,65535.0000,377.0000,77.0000,0.0000,0.0000,0.0000,
1574,960.71,10408.96,2332.81,303.0000,65535.0000,360.0000,57.0000,0.0000,0.0000,0.0000,
1575,960.81,10407.85,2333.93,304.0000,65535.0000,358.0000,54.0000,0.0000,0.0000,0.0000,
1576,960.92,10406.74,2335.04,298.0000,65535.0000,347.0000,49.0000,0.0000,0.0000,0.0000,
1577,961.02,10405.62,2336.15,304.0000,65535.0000,342.0000,38.0000,0.0000,0.0000,0.0000,
1578,961.12,10404.51,2337.26,303.0000,65535.0000,347.0000,44.0000,0.0000,0.0000,0.0000,
1579,961.22,10403.40,2338.38,293.0000,65535.0000,344.0000,51.0000,0.0000,0.0000,0.0000,
1580,961.33,10402.29,2339.49,299.0000,65535.0000,352.0000,53.0000,0.0000,0.0000,0.0000,
1581,961.43,10401.17,2340.60,311.0000,65535.0000,347.0000,36.0000,0.0000,0.0000,0.0000,
1582,961.53,10400.06,2341.71,306.0000,65535.0000,343.0000,37.0000,0.0000,0.0000,0.0000,
1583,961.64,10398.95,2342.82,304.0000,65535.0000,353.0000,49.0000,0.0000,0.0000,0.0000,
1584,961.74,10397.84,2343.93,300.0000,65535.0000,347.0000,47.0000,0.0000,0.0000,0.0000,
1585,961.84,10396.73,2345.04,300.0000,65535.0000,344.0000,44.0000,0.0000,0.0000,0.0000,
1586,961.94,10395.62,2346.15,298.0000,65535.0000,344.0000,46.0000,0.0000,0.0000,0.0000,
1587,962.05,10394.51,2347.26,299.0000,65535.0000,344.0000,45.0000,0.0000,0.0000,0.0000,
1588,962.15,10393.41,2348.37,296.0000,65535.0000,350.0000,54.0000,0.0000,0.0000,0.0000,
1589,962.25,10392.30,2349.48,296.0000,65535.0000,350.0000,54.0000,0.0000,0.0000,0.0000,
1590,962.35,10391.19,2350.59,308.0000,65535.0000,352.0000,44.0000,0.0000,0.0000,0.0000,
1591,962.46,10390.08,2351.69,309.0000,65535.0000,348.0000,39.0000,0.0000,0.0000,0.0000,
1592,962.56,10388.97,2352.80,298.0000,65535.0000,355.0000,57.0000,0.0000,0.0000,0.0000,
1593,962.66,10387.87,2353.91,301.0000,65535.0000,352.0000,51.0000,0.0000,0.0000,0.0000,
1594,962.76,10386.76,2355.01,300.0000,65535.0000,343.0000,43.0000,0.0000,0.0000,0.0000,
1595,962.87,10385.65,2356.12,294.0000,65535.0000,358.0000,64.0000,0.0000,0.0000,0.0000,
1596,962.97,10384.55,2357.23,312.0000,65535.0000,354.0000,42.0000,0.0000,0.0000,0.0000,
1597,963.07,10383.44,2358.33,300.0000,65535.0000,344.0000,44.0000,0.0000,0.0000,0.0000,
1598,963.17,10382.34,2359.44,293.0000,65535.0000,334.0000,41.0000,0.0000,0.0000,0.0000,
1599,963.28,10381.23,2360.54,308.0000,65535.0000,345.0000,37.0000,0.0000,0.0000,0.0000,
1600,963.38,10380.13,2361.64,301.0000,65535.0000,329.0000,28.0000,0.0000,0.0000,0.0000,
1601,963.48,10379.03,2362.75,302.0000,65535.0000,342.0000,40.0000,0.0000,0.0000,0.0000,
1602,963.58,10377.92,2363.85,302.0000,65535.0000,334.0000,32.0000,0.0000,0.0000,0.0000,
1603,963.69,10376.82,2364.95,302.0000,65535.0000,328.0000,26.0000,0.0000,0.0000,0.0000,
1604,963.79,10375.72,2366.06,297.0000,65535.0000,327.0000,30.0000,0.0000,0.0000,0.0000,
1605,963.89,10374.62,2367.16,296.0000,65535.0000,319.0000,23.0000,0.0000,0.0000,0.0000,
1606,963.99,10373.51,2368.26,303.0000,65535.0000,326.0000,23.0000,0.0000,0.0000,0.0000,
1607,964.10,10372.41,2369.36,292.0000,65535.0000,326.0000,34.0000,0.0000,0.0000,0.0000,
1608,964.20,10371.31,2370.46,307.0000,65535.0000,335.0000,28.0000,0.0000,0.0000,0.0000,
1609,964.30,10370.21,2371.56,304.0000,65535.0000,330.0000,26.0000,0.0000,0.0000,0.0000,
1610,964.40,10369.11,2372.66,300.0000,65535.0000,326.0000,26.0000,0.0000,0.0000,0.0000,
1611,964.51,10368.01,2373.76,298.0000,65535.0000,336.0000,38.0000,0.0000,0.0000,0.0000,
1612,964.61,10366.91,2374.86,310.0000,65535.0000,336.0000,26.0000,0.0000,0.0000,0.0000,
1613,964.71,10365.81,2375.96,294.0000,65535.0000,322.0000,28.0000,0.0000,0.0000,0.0000,
1614,964.81,10364.71,2377.06,298.0000,65535.0000,342.0000,44.0000,0.0000,0.0000,0.0000,
1615,964.91,10363.62,2378.16,313.0000,65535.0000,334.0000,21.0000,0.0000,0.0000,0.0000,
1616,965.02,10362.52,2379.26,300.0000,65535.0000,331.0000,31.0000,0.0000,0.0000,0.0000,
1617,965.12,10361.42,2380.36,306.0000,65535.0000,344.0000,38.0000,0.0000,0.0000,0.0000,
1618,965.22,10360.32,2381.45,298.0000,65535.0000,334.0000,36.0000,0.0000,0.0000,0.0000,
1619,965.32,10359.23,2382.55,304.0000,65535.0000,328.0000,24.0000,0.0000,0.0000,0.0000,
1620,965.43,10358.13,2383.65,305.0000,65535.0000,344.0000,39.0000,0.0000,0.0000,0.0000,
1621,965.53,10357.03,2384.74,306.0000,65535.0000,324.0000,18.0000,0.0000,0.0000,0.0000,
1622,965.63,10355.94,2385.84,308.0000,65535.0000,344.0000,36.0000,0.0000,0.0000,0.0000,
1623,965.73,10354.84,2386.93,304.0000,65535.0000,330.0000,26.0000,0.0000,0.0000,0.0000,
1624,965.83,10353.75,2388.03,305.0000,65535.0000,333.0000,28.0000,0.0000,0.0000,0.0000,
1625,965.94,10352.65,2389.12,300.0000,65535.0000,320.0000,20.0000,0.0000,0.0000,0.0000,
1626,966.04,10351.56,2390.22,300.0000,65535.0000,332.0000,32.0000,0.0000,0.0000,0.0000,
1627,966.14,10350.47,2391.31,296.0000,65535.0000,324.0000,28.0000,0.0000,0.0000,0.0000,
1628,966.24,10349.37,2392.40,301.0000,65535.0000,334.0000,33.0000,0.0000,0.0000,0.0000,
1629,966.34,10348.28,2393.50,290.0000,65535.0000,337.0000,47.0000,0.0000,0.0000,0.0000,
1630,966.45,10347.19,2394.59,300.0000,65535.0000,338.0000,38.0000,0.0000,0.0000,0.0000,
1631,966.55,10346.10,2395.68,301.0000,65535.0000,323.0000,22.0000,0.0000,0.0000,0.0000,
1632,966.65,10345.00,2396.77,306.0000,65535.0000,335.0000,29.0000,0.0000,0.0000,0.0000,
1633,966.75,10343.91,2397.86,299.0000,65535.0000,328.0000,29.0000,0.0000,0.0000,0.0000,
1634,966.85,10342.82,2398.95,308.0000,65535.0000,327.0000,19.0000,0.0000,0.0000,0.0000,
1635,966.96,10341.73,2400.04,302.0000,65535.0000,328.0000,26.0000,0.0000,0.0000,0.0000,
1636,967.06,10340.64,2401.14,298.0000,65535.0000,320.0000,22.0000,0.0000,0.0000,0.0000,
1637,967.16,10339.55,2402.22,305.0000,65535.0000,326.0000,21.0000,0.0000,0.0000,0.0000,
1638,967.26,10338.46,2403.31,298.0000,65535.0000,336.0000,38.0000,0.0000,0.0000,0.0000,
1639,967.36,10337.37,2404.40,298.0000,65535.0000,326.0000,28.0000,0.0000,0.0000,0.0000,
1640,967.47,10336.28,2405.49,298.0000,65535.0000,324.0000,26.0000,0.0000,0.0000,0.0000,
1641,967.57,10335.19,2406.58,293.0000,65535.0000,329.0000,36.0000,0.0000,0.0000,0.0000,
1642,967.67,10334.11,2407.67,299.0000,65535.0000,329.0000,30.0000,0.0000,0.0000,0.0000,
1643,967.77,10333.02,2408.76,296.0000,65535.0000,338.0000,42.0000,0.0000,0.0000,0.0000,
1644,967.87,10331.93,2409.84,308.0000,65535.0000,332.0000,24.0000,0.0000,0.0000,0.0000,
1645,967.98,10330.85,2410.93,294.0000,65535.0000,333.0000,39.0000,0.0000,0.0000,0.0000,
1646,968.08,10329.76,2412.02,298.0000,65535.0000,336.0000,38.0000,0.0000,0.0000,0.0000,
1647,968.18,10328.67,2413.10,294.0000,65535.0000,324.0000,30.0000,0.0000,0.0000,0.0000,
1648,968.28,10327.59,2414.19,295.0000,65535.0000,334.0000,39.0000,0.0000,0.0000,0.0000,
1649,968.38,10326.50,2415.27,301.0000,65535.0000,336.0000,35.0000,0.0000,0.0000,0.0000,
1650,968.48,10325.42,2416.36,307.0000,65535.0000,336.0000,29.0000,0.0000,0.0000,0.0000,
1651,968.59,10324.33,2417.44,300.0000,65535.0000,333.0000,33.0000,0.0000,0.0000,0.0000,
1652,968.69,10323.25,2418.53,296.0000,65535.0000,322.0000,26.0000,0.0000,0.0000,0.0000,
1653,968.79,10322.16,2419.61,305.0000,65535.0000,327.0000,22.0000,0.0000,0.0000,0.0000,
1654,968.89,10321.08,2420.69,301.0000,65535.0000,321.0000,20.0000,0.0000,0.0000,0.0000,
1655,968.99,10320.00,2421.78,297.0000,65535.0000,338.0000,41.0000,0.0000,0.0000,0.0000,
1656,969.09,10318.92,2422.86,301.0000,65535.0000,330.0000,29.0000,0.0000,0.0000,0.0000,
1657,969.20,10317.83,2423.94,305.0000,65535.0000,321.0000,16.0000,0.0000,0.0000,0.0000,
1658,969.30,10316.75,2425.02,296.0000,65535.0000,328.0000,32.0000,0.0000,0.0000,0.0000,
1659,969.40,10315.67,2426.11,301.0000,65535.0000,321.0000,20.0000,0.0000,0.0000,0.0000,
1660,969.50,10314.59,2427.19,316.0000,65535.0000,348.0000,32.0000,0.0000,0.0000,0.0000,
1661,969.60,10313.51,2428.27,299.0000,65535.0000,338.0000,39.0000,0.0000,0.0000,0.0000,
1662,969.70,10312.43,2429.35,307.0000,65535.0000,332.0000,25.0000,0.0000,0.0000,0.0000,
1663,969.81,10311.35,2430.43,296.0000,65535.0000,321.0000,25.0000,0.0000,0.0000,0.0000,
1664,969.91,10310.27,2431.51,298.0000,65535.0000,330.0000,32.0000,0.0000,0.0000,0.0000,
1665,970.01,10309.19,2432.59,304.0000,65535.0000,331.0000,27.0000,0.0000,0.0000,0.0000,
1666,970.11,10308.11,2433.66,305.0000,65535.0000,329.0000,24.0000,0.0000,0.0000,0.0000,
1667,970.21,10307.03,2434.74,300.0000,65535.0000,326.0000,26.0000,0.0000,0.0000,0.0000,
1668,970.31,10305.95,2435.82,301.0000,65535.0000,336.0000,35.0000,0.0000,0.0000,0.0000,
1669,970.41,10304.88,2436.90,300.0000,65535.0000,317.0000,17.0000,0.0000,0.0000,0.0000,
1670,970.52,10303.80,2437.98,297.0000,65535.0000,323.0000,26.0000,0.0000,0.0000,0.0000,
1671,970.62,10302.72,2439.05,301.0000,65535.0000,330.0000,29.0000,0.0000,0.0000,0.0000,
1672,970.72,10301.65,2440.13,301.0000,65535.0000,321.0000,20.0000,0.0000,0.0000,0.0000,
1673,970.82,10300.57,2441.21,300.0000,65535.0000,322.0000,22.0000,0.0000,0.0000,0.0000,
1674,970.92,10299.49,2442.28,296.0000,65535.0000,321.0000,25.0000,0.0000,0.0000,0.0000,
1675,971.02,10298.42,2443.36,300.0000,65535.0000,333.0000,33.0000,0.0000,0.0000,0.0000,
1676,971.12,10297.34,2444.43,306.0000,65535.0000,337.0000,31.0000,0.0000,0.0000,0.0000,
1677,971.23,10296.27,2445.51,307.0000,65535.0000,342.0000,35.0000,0.0000,0.0000,0.0000,
1678,971.33,10295.19,2446.58,306.0000,65535.0000,328.0000,22.0000,0.0000,0.0000,0.0000,
1679,971.43,10294.12,2447.65,298.0000,65535.0000,322.0000,24.0000,0.0000,0.0000,0.0000,
1680,971.53,10293.05,2448.73,300.0000,65535.0000,326.0000,26.0000,0.0000,0.0000,0.0000,
1681,971.63,10291.97,2449.80,324.0000,65535.0000,358.0000,34.0000,0.0000,0.0000,0.0000,
1682,971.73,10290.90,2450.87,302.0000,65535.0000,341.0000,39.0000,0.0000,0.0000,0.0000,
1683,971.83,10289.83,2451.95,301.0000,65535.0000,336.0000,35.0000,0.0000,0.0000,0.0000,
1684,971.93,10288.76,2453.02,302.0000,65535.0000,326.0000,24.0000,0.0000,0.0000,0.0000,
1685,972.04,10287.69,2454.09,305.0000,65535.0000,334.0000,29.0000,0.0000,0.0000,0.0000,
1686,972.14,10286.61,2455.16,300.0000,65535.0000,335.0000,35.0000,0.0000,0.0000,0.0000,
1687,972.24,10285.54,2456.23,303.0000,65535.0000,334.0000,31.0000,0.0000,0.0000,0.0000,
1688,972.34,10284.47,2457.30,300.0000,65535.0000,331.0000,31.0000,0.0000,0.0000,0.0000,
1689,972.44,10283.40,2458.37,302.0000,65535.0000,317.0000,15.0000,0.0000,0.0000,0.0000,
1690,972.54,10282.33,2459.44,306.0000,65535.0000,332.0000,26.0000,0.0000,0.0000,0.0000,
1691,972.64,10281.26,2460.51,305.0000,65535.0000,325.0000,20.0000,0.0000,0.0000,0.0000,
1692,972.74,10280.19,2461.58,294.0000,65535.0000,324.0000,30.0000,0.0000,0.0000,0.0000,
1693,972.85,10279.13,2462.65,296.0000,65535.0000,322.0000,26.0000,0.0000,0.0000,0.0000,
1694,972.95,10278.06,2463.72,300.0000,65535.0000,330.0000,30.0000,0.0000,0.0000,0.0000,
1695,973.05,10276.99,2464.79,295.0000,65535.0000,316.0000,21.0000,0.0000,0.0000,0.0000,
1696,973.15,10275.92,2465.85,307.0000,65535.0000,322.0000,15.0000,0.0000,0.0000,0.0000,
1697,973.25,10274.86,2466.92,304.0000,65535.0000,326.0000,22.0000,0.0000,0.0000,0.0000,
1698,973.35,10273.79,2467.99,306.0000,65535.0000,332.0000,26.0000,0.0000,0.0000,0.0000,
1699,973.45,10272.72,2469.05,302.0000,65535.0000,323.0000,21.0000,0.0000,0.0000,0.0000,
1700,973.55,10271.66,2470.12,304.0000,65535.0000,338.0000,34.0000,0.0000,0.0000,0.0000,
1701,973.65,10270.59,2471.18,301.0000,65535.0000,332.0000,31.0000,0.0000,0.0000,0.0000,
1702,973.75,10269.53,2472.25,307.0000,65535.0000,326.0000,19.0000,0.0000,0.0000,0.0000,
1703,973.86,10268.46,2473.31,302.0000,65535.0000,326.0000,24.0000,0.0000,0.0000,0.0000,
1704,973.96,10267.40,2474.38,307.0000,65535.0000,330.0000,23.0000,0.0000,0.0000,0.0000,
1705,974.06,10266.33,2475.44,301.0000,65535.0000,320.0000,19.0000,0.0000,0.0000,0.0000,
1706,974.16,10265.27,2476.51,302.0000,65535.0000,330.0000,28.0000,0.0000,0.0000,0.0000,
1707,974.26,10264.20,2477.57,307.0000,65535.0000,327.0000,20.0000,0.0000,0.0000,0.0000,
1708,974.36,10263.14,2478.63,289.0000,65535.0000,320.0000,31.0000,0.0000,0.0000,0.0000,
1709,974.46,10262.08,2479.70,305.0000,65535.0000,328.0000,23.0000,0.0000,0.0000,0.0000,
1710,974.56,10261.02,2480.76,306.0000,65535.0000,326.0000,20.0000,0.0000,0.0000,0.0000,
1711,974.66,10259.95,2481.82,290.0000,65535.0000,320.0000,30.0000,0.0000,0.0000,0.0000,
1712,974.76,10258.89,2482.88,304.0000,65535.0000,324.0000,20.0000,0.0000,0.0000,0.0000,
1713,974.86,10257.83,2483.94,300.0000,65535.0000,326.0000,26.0000,0.0000,0.0000,0.0000,
1714,974.97,10256.77,2485.00,301.0000,65535.0000,323.0000,22.0000,0.0000,0.0000,0.0000,
1715,975.07,10255.71,2486.06,301.0000,65535.0000,322.0000,21.0000,0.0000,0.0000,0.0000,
1716,975.17,10254.65,2487.12,297.0000,65535.0000,320.0000,23.0000,0.0000,0.0000,0.0000,
1717,975.27,10253.59,2488.18,307.0000,65535.0000,321.0000,14.0000,0.0000,0.0000,0.0000,
1718,975.37,10252.53,2489.24,304.0000,65535.0000,332.0000,28.0000,0.0000,0.0000,0.0000,
1719,975.47,10251.47,2490.30,302.0000,65535.0000,328.0000,26.0000,0.0000,0.0000,0.0000,
1720,975.57,10250.41,2491.36,304.0000,65535.0000,327.0000,23.0000,0.0000,0.0000,0.0000,
1721,975.67,10249.36,2492.42,296.0000,65535.0000,318.0000,22.0000,0.0000,0.0000,0.0000,
1722,975.77,10248.30,2493.48,310.0000,65535.0000,328.0000,18.0000,0.0000,0.0000,0.0000,
1723,975.87,10247.24,2494.53,305.0000,65535.0000,328.0000,23.0000,0.0000,0.0000,0.0000,
1724,975.97,10246.18,2495.59,302.0000,65535.0000,328.0000,26.0000,0.0000,0.0000,0.0000,
1725,976.07,10245.13,2496.65,306.0000,65535.0000,334.0000,28.0000,0.0000,0.0000,0.0000,
1726,976.17,10244.07,2497.70,306.0000,65535.0000,320.0000,14.0000,0.0000,0.0000,0.0000,
1727,976.27,10243.02,2498.76,301.0000,65535.0000,330.0000,29.0000,0.0000,0.0000,0.0000,
1728,976.38,10241.96,2499.81,298.0000,65535.0000,322.0000,24.0000,0.0000,0.0000,0.0000,
1729,976.48,10240.91,2500.87,314.0000,65535.0000,338.0000,24.0000,0.0000,0.0000,0.0000,
1730,976.58,10239.85,2501.92,290.0000,65535.0000,316.0000,26.0000,0.0000,0.0000,0.0000,
1731,976.68,10238.80,2502.98,304.0000,65535.0000,322.0000,18.0000,0.0000,0.0000,0.0000,
1732,976.78,10237.74,2504.03,300.0000,65535.0000,322.0000,22.0000,0.0000,0.0000,0.0000,
1733,976.88,10236.69,2505.09,293.0000,65535.0000,326.0000,33.0000,0.0000,0.0000,0.0000,
1734,976.98,10235.63,2506.14,300.0000,65535.0000,323.0000,23.0000,0.0000,0.0000,0.0000,
1735,977.08,10234.58,2507.19,311.0000,65535.0000,327.0000,16.0000,0.0000,0.0000,0.0000,
1736,977.18,10233.53,2508.25,300.0000,65535.0000,327.0000,27.0000,0.0000,0.0000,0.0000,
1737,977.28,10232.48,2509.30,302.0000,65535.0000,318.0000,16.0000,0.0000,0.0000,0.0000,
1738,977.38,10231.43,2510.35,304.0000,65535.0000,320.0000,16.0000,0.0000,0.0000,0.0000,
1739,977.48,10230.37,2511.40,302.0000,65535.0000,321.0000,19.0000,0.0000,0.0000,0.0000,
1740,977.58,10229.32,2512.45,298.0000,65535.0000,338.0000,40.0000,0.0000,0.0000,0.0000,
1741,977.68,10228.27,2513.50,304.0000,65535.0000,326.0000,22.0000,0.0000,0.0000,0.0000,
1742,977.78,10227.22,2514.55,303.0000,65535.0000,324.0000,21.0000,0.0000,0.0000,0.0000,
1743,977.88,10226.17,2515.60,304.0000,65535.0000,329.0000,25.0000,0.0000,0.0000,0.0000,
1744,977.98,10225.12,2516.65,307.0000,65535.0000,332.0000,25.0000,0.0000,0.0000,0.0000,
1745,978.08,10224.07,2517.70,302.0000,65535.0000,323.0000,21.0000,0.0000,0.0000,0.0000,
1746,978.18,10223.02,2518.75,297.0000,65535.0000,325.0000,28.0000,0.0000,0.0000,0.0000,
1747,978.28,10221.98,2519.80,298.0000,65535.0000,329.0000,31.0000,0.0000,0.0000,0.0000,
1748,978.38,10220.93,2520.85,295.0000,65535.0000,326.0000,31.0000,0.0000,0.0000,0.0000,
1749,978.49,10219.88,2521.90,300.0000,65535.0000,312.0000,12.0000,0.0000,0.0000,0.0000,
1750,978.59,10218.83,2522.94,291.0000,65535.0000,324.0000,33.0000,0.0000,0.0000,0.0000,
1751,978.69,10217.79,2523.99,306.0000,65535.0000,329.0000,23.0000,0.0000,0.0000,0.0000,
1752,978.79,10216.74,2525.04,300.0000,65535.0000,318.0000,18.0000,0.0000,0.0000,0.0000,
1753,978.89,10215.69,2526.08,302.0000,65535.0000,324.0000,22.0000,0.0000,0.0000,0.0000,
1754,978.99,10214.65,2527.13,302.0000,65535.0000,314.0000,12.0000,0.0000,0.0000,0.0000,
1755,979.09,10213.60,2528.17,300.0000,65535.0000,329.0000,29.0000,0.0000,0.0000,0.0000,
1756,979.19,10212.56,2529.22,298.0000,65535.0000,322.0000,24.0000,0.0000,0.0000,0.0000,
1757,979.29,10211.51,2530.26,298.0000,65535.0000,320.0000,22.0000,0.0000,0.0000,0.0000,
1758,979.39,10210.47,2531.31,305.0000,65535.0000,325.0000,20.0000,0.0000,0.0000,0.0000,
1759,979.49,10209.42,2532.35,305.0000,65535.0000,326.0000,21.0000,0.0000,0.0000,0.0000,
1760,979.59,10208.38,2533.40,313.0000,65535.0000,330.0000,17.0000,0.0000,0.0000,0.0000,
1761,979.69,10207.34,2534.44,294.0000,65535.0000,316.0000,22.0000,0.0000,0.0000,0.0000,
1762,979.79,10206.29,2535.48,296.0000,65535.0000,320.0000,24.0000,0.0000,0.0000,0.0000,
1763,979.89,10205.25,2536.53,303.0000,65535.0000,320.0000,17.0000,0.0000,0.0000,0.0000,
1764,979.99,10204.21,2537.57,300.0000,65535.0000,318.0000,18.0000,0.0000,0.0000,0.0000,
1765,980.09,10203.17,2538.61,308.0000,65535.0000,317.0000,9.0000,0.0000,0.0000,0.0000,
1766,980.19,10202.12,2539.65,302.0000,65535.0000,309.0000,7.0000,0.0000,0.0000,0.0000,
1767,980.29,10201.08,2540.69,303.0000,65535.0000,318.0000,15.0000,0.0000,0.0000,0.0000,
1768,980.39,10200.04,2541.73,296.0000,65535.0000,328.0000,32.0000,0.0000,0.0000,0.0000,
1769,980.49,10199.00,2542.77,302.0000,65535.0000,326.0000,24.0000,0.0000,0.0000,0.0000,
1770,980.59,10197.96,2543.81,329.0000,65535.0000,346.0000,17.0000,0.0000,0.0000,0.0000,
1771,980.69,10196.92,2544.85,300.0000,65535.0000,319.0000,19.0000,0.0000,0.0000,0.0000,
1772,980.79,10195.88,2545.89,296.0000,65535.0000,322.0000,26.0000,0.0000,0.0000,0.0000,
1773,980.89,10194.84,2546.93,295.0000,65535.0000,327.0000,32.0000,0.0000,0.0000,0.0000,
1774,980.99,10193.81,2547.97,304.0000,65535.0000,324.0000,20.0000,0.0000,0.0000,0.0000,
1775,981.09,10192.77,2549.01,301.0000,65535.0000,324.0000,23.0000,0.0000,0.0000,0.0000,
1776,981.19,10191.73,2550.05,311.0000,65535.0000,330.0000,19.0000,0.0000,0.0000,0.0000,
1777,981.29,10190.69,2551.08,293.0000,65535.0000,326.0000,33.0000,0.0000,0.0000,0.0000,
1778,981.39,10189.65,2552.12,306.0000,65535.0000,319.0000,13.0000,0.0000,0.0000,0.0000,
1779,981.49,10188.62,2553.16,310.0000,65535.0000,323.0000,13.0000,0.0000,0.0000,0.0000,
1780,981.59,10187.58,2554.19,297.0000,65535.0000,326.0000,29.0000,0.0000,0.0000,0.0000,
1781,981.69,10186.55,2555.23,302.0000,65535.0000,320.0000,18.0000,0.0000,0.0000,0.0000,
1782,981.79,10185.51,2556.27,300.0000,65535.0000,323.0000,23.0000,0.0000,0.0000,0.0000,
1783,981.89,10184.47,2557.30,300.0000,65535.0000,316.0000,16.0000,0.0000,0.0000,0.0000,
1784,981.99,10183.44,2558.34,294.0000,65535.0000,320.0000,26.0000,0.0000,0.0000,0.0000,
1785,982.09,10182.40,2559.37,298.0000,65535.0000,322.0000,24.0000,0.0000,0.0000,0.0000,
1786,982.19,10181.37,2560.40,294.0000,65535.0000,316.0000,22.0000,0.0000,0.0000,0.0000,
1787,982.29,10180.34,2561.44,298.0000,65535.0000,323.0000,25.0000,0.0000,0.0000,0.0000,
1788,982.39,10179.30,2562.47,300.0000,65535.0000,318.0000,18.0000,0.0000,0.0000,0.0000,
1789,982.49,10178.27,2563.51,302.0000,65535.0000,322.0000,20.0000,0.0000,0.0000,0.0000,
1790,982.58,10177.24,2564.54,295.0000,65535.0000,317.0000,22.0000,0.0000,0.0000,0.0000,
1791,982.68,10176.21,2565.57,300.0000,65535.0000,324.0000,24.0000,0.0000,0.0000,0.0000,
1792,982.78,10175.17,2566.60,302.0000,65535.0000,326.0000,24.0000,0.0000,0.0000,0.0000,
1793,982.88,10174.14,2567.63,307.0000,65535.0000,329.0000,22.0000,0.0000,0.0000,0.0000,
1794,982.98,10173.11,2568.67,296.0000,65535.0000,331.0000,35.0000,0.0000,0.0000,0.0000,
1795,983.08,10172.08,2569.70,300.0000,65535.0000,324.0000,24.0000,0.0000,0.0000,0.0000,
1796,983.18,10171.05,2570.73,303.0000,65535.0000,328.0000,25.0000,0.0000,0.0000,0.0000,
1797,983.28,10170.02,2571.76,308.0000,65535.0000,328.0000,20.0000,0.0000,0.0000,0.0000,
1798,983.38,10168.99,2572.79,308.0000,65535.0000,323.0000,15.0000,0.0000,0.0000,0.0000,
1799,983.48,10167.96,2573.82,304.0000,65535.0000,324.0000,20.0000,0.0000,0.0000,0.0000,
1800,983.58,10166.93,2574.85,298.0000,65535.0000,320.0000,22.0000,0.0000,0.0000,0.0000,
1801,983.68,10165.90,2575.87,308.0000,65535.0000,330.0000,22.0000,0.0000,0.0000,0.0000,
1802,983.78,10164.87,2576.90,305.0000,65535.0000,323.0000,18.0000,0.0000,0.0000,0.0000,
1803,983.88,10163.84,2577.93,297.0000,65535.0000,326.0000,29.0000,0.0000,0.0000,0.0000,
1804,983.98,10162.82,2578.96,294.0000,65535.0000,314.0000,20.0000,0.0000,0.0000,0.0000,
1805,984.08,10161.79,2579.99,296.0000,65535.0000,322.0000,26.0000,0.0000,0.0000,0.0000,
1806,984.18,10160.76,2581.01,296.0000,65535.0000,324.0000,28.0000,0.0000,0.0000,0.0000,
1807,984.28,10159.74,2582.04,311.0000,65535.0000,326.0000,15.0000,0.0000,0.0000,0.0000,
1808,984.38,10158.71,2583.07,295.0000,65535.0000,323.0000,28.0000,0.0000,0.0000,0.0000,
1809,984.48,10157.68,2584.09,298.0000,65535.0000,324.0000,26.0000,0.0000,0.0000,0.0000,
1810,984.58,10156.66,2585.12,304.0000,65535.0000,316.0000,12.0000,0.0000,0.0000,0.0000,
1811,984.68,10155.63,2586.14,300.0000,65535.0000,324.0000,24.0000,0.0000,0.0000,0.0000,
1812,984.77,10154.61,2587.17,296.0000,65535.0000,310.0000,14.0000,0.0000,0.0000,0.0000,
1813,984.87,10153.58,2588.19,302.0000,65535.0000,322.0000,20.0000,0.0000,0.0000,0.0000,
1814,984.97,10152.56,2589.21,293.0000,65535.0000,316.0000,23.0000,0.0000,0.0000,0.0000,
1815,985.07,10151.54,2590.24,299.0000,65535.0000,318.0000,19.0000,0.0000,0.0000,0.0000,
1816,985.17,10150.51,2591.26,303.0000,65535.0000,321.0000,18.0000,0.0000,0.0000,0.0000,
1817,985.27,10149.49,2592.28,304.0000,65535.0000,313.0000,9.0000,0.0000,0.0000,0.0000,
1818,985.37,10148.47,2593.31,295.0000,65535.0000,317.0000,22.0000,0.0000,0.0000,0.0000,
1819,985.47,10147.45,2594.33,300.0000,65535.0000,318.0000,18.0000,0.0000,0.0000,0.0000,
1820,985.57,10146.42,2595.35,300.0000,65535.0000,324.0000,24.0000,0.0000,0.0000,0.0000,
1821,985.67,10145.40,2596.37,296.0000,65535.0000,313.0000,17.0000,0.0000,0.0000,0.0000,
1822,985.77,10144.38,2597.39,296.0000,65535.0000,314.0000,18.0000,0.0000,0.0000,0.0000,
1823,985.87,10143.36,2598.41,303.0000,65535.0000,323.0000,20.0000,0.0000,0.0000,0.0000,
1824,985.97,10142.34,2599.44,299.0000,65535.0000,324.0000,25.0000,0.0000,0.0000,0.0000,
1825,986.06,10141.32,2600.46,304.0000,65535.0000,320.0000,16.0000,0.0000,0.0000,0.0000,
1826,986.16,10140.30,2601.48,303.0000,65535.0000,313.0000,10.0000,0.0000,0.0000,0.0000,
1827,986.26,10139.28,2602.49,299.0000,65535.0000,329.0000,30.0000,0.0000,0.0000,0.0000,
1828,986.36,10138.26,2603.51,300.0000,65535.0000,310.0000,10.0000,0.0000,0.0000,0.0000,
1829,986.46,10137.24,2604.53,296.0000,65535.0000,321.0000,25.0000,0.0000,0.0000,0.0000,
1830,986.56,10136.22,2605.55,301.0000,65535.0000,317.0000,16.0000,0.0000,0.0000,0.0000,
1831,986.66,10135.21,2606.57,305.0000,65535.0000,314.0000,9.0000,0.0000,0.0000,0.0000,
1832,986.76,10134.19,2607.59,301.0000,65535.0000,314.0000,13.0000,0.0000,0.0000,0.0000,
1833,986.86,10133.17,2608.60,300.0000,65535.0000,321.0000,21.0000,0.0000,0.0000,0.0000,
1834,986.96,10132.16,2609.62,300.0000,65535.0000,308.0000,8.0000,0.0000,0.0000,0.0000,
1835,987.06,10131.14,2610.64,306.0000,65535.0000,324.0000,18.0000,0.0000,0.0000,0.0000,
1836,987.15,10130.12,2611.65,298.0000,65535.0000,321.0000,23.0000,0.0000,0.0000,0.0000,
1837,987.25,10129.11,2612.67,296.0000,65535.0000,320.0000,24.0000,0.0000,0.0000,0.0000,
1838,987.35,10128.09,2613.68,293.0000,65535.0000,314.0000,21.0000,0.0000,0.0000,0.0000,
1839,987.45,10127.08,2614.70,296.0000,65535.0000,325.0000,29.0000,0.0000,0.0000,0.0000,
1840,987.55,10126.06,2615.71,300.0000,65535.0000,312.0000,12.0000,0.0000,0.0000,0.0000,
1841,987.65,10125.05,2616.73,298.0000,65535.0000,320.0000,22.0000,0.0000,0.0000,0.0000,
1842,987.75,10124.03,2617.74,289.0000,65535.0000,319.0000,30.0000,0.0000,0.0000,0.0000,
1843,987.85,10123.02,2618.76,296.0000,65535.0000,309.0000,13.0000,0.0000,0.0000,0.0000,
1844,987.95,10122.01,2619.77,297.0000,65535.0000,316.0000,19.0000,0.0000,0.0000,0.0000,
1845,988.05,10120.99,2620.78,294.0000,65535.0000,315.0000,21.0000,0.0000,0.0000,0.0000,
1846,988.14,10119.98,2621.79,294.0000,65535.0000,316.0000,22.0000,0.0000,0.0000,0.0000,
1847,988.24,10118.97,2622.81,302.0000,65535.0000,310.0000,8.0000,0.0000,0.0000,0.0000,
1848,988.34,10117.96,2623.82,302.0000,65535.0000,308.0000,6.0000,0.0000,0.0000,0.0000,
1849,988.44,10116.95,2624.83,298.0000,65535.0000,318.0000,20.0000,0.0000,0.0000,0.0000,
1850,988.54,10115.93,2625.84,295.0000,65535.0000,310.0000,15.0000,0.0000,0.0000,0.0000,
1851,988.64,10114.92,2626.85,299.0000,65535.0000,325.0000,26.0000,0.0000,0.0000,0.0000,
1852,988.74,10113.91,2627.86,305.0000,65535.0000,316.0000,11.0000,0.0000,0.0000,0.0000,
1853,988.84,10112.90,2628.87,298.0000,65535.0000,312.0000,14.0000,0.0000,0.0000,0.0000,
1854,988.93,10111.89,2629.88,300.0000,65535.0000,313.0000,13.0000,0.0000,0.0000,0.0000,
1855,989.03,10110.88,2630.89,315.0000,65535.0000,324.0000,9.0000,0.0000,0.0000,0.0000,
1856,989.13,10109.88,2631.90,300.0000,65535.0000,319.0000,19.0000,0.0000,0.0000,0.0000,
1857,989.23,10108.87,2632.91,287.0000,65535.0000,315.0000,28.0000,0.0000,0.0000,0.0000,
1858,989.33,10107.86,2633.92,308.0000,65535.0000,322.0000,14.0000,0.0000,0.0000,0.0000,
1859,989.43,10106.85,2634.92,300.0000,65535.0000,308.0000,8.0000,0.0000,0.0000,0.0000,
1860,989.53,10105.84,2635.93,303.0000,65535.0000,322.0000,19.0000,0.0000,0.0000,0.0000,
1861,989.63,10104.84,2636.94,292.0000,65535.0000,325.0000,33.0000,0.0000,0.0000,0.0000,
1862,989.72,10103.83,2637.95,296.0000,65535.0000,317.0000,21.0000,0.0000,0.0000,0.0000,
1863,989.82,10102.82,2638.95,307.0000,65535.0000,318.0000,11.0000,0.0000,0.0000,0.0000,
1864,989.92,10101.82,2639.96,298.0000,65535.0000,316.0000,18.0000,0.0000,0.0000,0.0000,
1865,990.02,10100.81,2640.96,297.0000,65535.0000,310.0000,13.0000,0.0000,0.0000,0.0000,
1866,990.12,10099.81,2641.97,298.0000,65535.0000,313.0000,15.0000,0.0000,0.0000,0.0000,
1867,990.22,10098.80,2642.97,312.0000,65535.0000,332.0000,20.0000,0.0000,0.0000,0.0000,
1868,990.32,10097.80,2643.98,302.0000,65535.0000,320.0000,18.0000,0.0000,0.0000,0.0000,
1869,990.41,10096.79,2644.98,303.0000,65535.0000,319.0000,16.0000,0.0000,0.0000,0.0000,
1870,990.51,10095.79,2645.99,296.0000,65535.0000,322.0000,26.0000,0.0000,0.0000,0.0000,
1871,990.61,10094.78,2646.99,303.0000,65535.0000,311.0000,8.0000,0.0000,0.0000,0.0000,
1872,990.71,10093.78,2647.99,300.0000,65535.0000,323.0000,23.0000,0.0000,0.0000,0.0000,
1873,990.81,10092.78,2649.00,294.0000,65535.0000,316.0000,22.0000,0.0000,0.0000,0.0000,
1874,990.91,10091.77,2650.00,299.0000,65535.0000,317.0000,18.0000,0.0000,0.0000,0.0000,
1875,991.00,10090.77,2651.00,295.0000,65535.0000,306.0000,11.0000,0.0000,0.0000,0.0000,
1876,991.10,10089.77,2652.00,313.0000,65535.0000,326.0000,13.0000,0.0000,0.0000,0.0000,
1877,991.20,10088.77,2653.01,294.0000,65535.0000,316.0000,22.0000,0.0000,0.0000,0.0000,
1878,991.30,10087.77,2654.01,299.0000,65535.0000,318.0000,19.0000,0.0000,0.0000,0.0000,
1879,991.40,10086.77,2655.01,303.0000,65535.0000,308.0000,5.0000,0.0000,0.0000,0.0000,
1880,991.50,10085.77,2656.01,296.0000,65535.0000,324.0000,28.0000,0.0000,0.0000,0.0000,
1881,991.59,10084.77,2657.01,305.0000,65535.0000,311.0000,6.0000,0.0000,0.0000,0.0000,
1882,991.69,10083.77,2658.01,295.0000,65535.0000,314.0000,19.0000,0.0000,0.0000,0.0000,
1883,991.79,10082.77,2659.01,342.0000,65535.0000,359.0000,17.0000,0.0000,0.0000,0.0000,
1884,991.89,10081.77,2660.01,302.0000,65535.0000,318.0000,16.0000,0.0000,0.0000,0.0000,
1885,991.99,10080.77,2661.01,300.0000,65535.0000,322.0000,22.0000,0.0000,0.0000,0.0000,
1886,992.09,10079.77,2662.00,300.0000,65535.0000,318.0000,18.0000,0.0000,0.0000,0.0000,
1887,992.18,10078.77,2663.00,302.0000,65535.0000,318.0000,16.0000,0.0000,0.0000,0.0000,
1888,992.28,10077.78,2664.00,300.0000,65535.0000,312.0000,12.0000,0.0000,0.0000,0.0000,
1889,992.38,10076.78,2665.00,294.0000,65535.0000,316.0000,22.0000,0.0000,0.0000,0.0000,
1890,992.48,10075.78,2665.99,300.0000,65535.0000,311.0000,11.0000,0.0000,0.0000,0.0000,
1891,992.58,10074.79,2666.99,304.0000,65535.0000,324.0000,20.0000,0.0000,0.0000,0.0000,
1892,992.68,10073.79,2667.99,292.0000,65535.0000,311.0000,19.0000,0.0000,0.0000,0.0000,
1893,992.77,10072.79,2668.98,292.0000,65535.0000,309.0000,17.0000,0.0000,0.0000,0.0000,
1894,992.87,10071.80,2669.98,305.0000,65535.0000,316.0000,11.0000,0.0000,0.0000,0.0000,
1895,992.97,10070.80,2670.97,290.0000,65535.0000,314.0000,24.0000,0.0000,0.0000,0.0000,
1896,993.07,10069.81,2671.97,318.0000,65535.0000,320.0000,2.0000,0.0000,0.0000,0.0000,
1897,993.17,10068.81,2672.96,297.0000,65535.0000,315.0000,18.0000,0.0000,0.0000,0.0000,
1898,993.26,10067.82,2673.96,298.0000,65535.0000,322.0000,24.0000,0.0000,0.0000,0.0000,
1899,993.36,10066.83,2674.95,303.0000,65535.0000,311.0000,8.0000,0.0000,0.0000,0.0000,
1900,993.46,10065.83,2675.94,294.0000,65535.0000,310.0000,16.0000,0.0000,0.0000,0.0000,
1901,993.56,10064.84,2676.94,298.0000,65535.0000,328.0000,30.0000,0.0000,0.0000,0.0000,
1902,993.66,10063.85,2677.93,304.0000,65535.0000,321.0000,17.0000,0.0000,0.0000,0.0000,
1903,993.75,10062.85,2678.92,305.0000,65535.0000,316.0000,11.0000,0.0000,0.0000,0.0000,
1904,993.85,10061.86,2679.91,310.0000,65535.0000,330.0000,20.0000,0.0000,0.0000,0.0000,
1905,993.95,10060.87,2680.91,300.0000,65535.0000,316.0000,16.0000,0.0000,0.0000,0.0000,
1906,994.05,10059.88,2681.90,306.0000,65535.0000,328.0000,22.0000,0.0000,0.0000,0.0000,
1907,994.15,10058.89,2682.89,294.0000,65535.0000,314.0000,20.0000,0.0000,0.0000,0.0000,
1908,994.24,10057.90,2683.88,299.0000,65535.0000,312.0000,13.0000,0.0000,0.0000,0.0000,
1909,994.34,10056.91,2684.87,303.0000,65535.0000,316.0000,13.0000,0.0000,0.0000,0.0000,
1910,994.44,10055.92,2685.86,307.0000,65535.0000,320.0000,13.0000,0.0000,0.0000,0.0000,
1911,994.54,10054.93,2686.85,286.0000,65535.0000,316.0000,30.0000,0.0000,0.0000,0.0000,
1912,994.64,10053.94,2687.84,294.0000,65535.0000,311.0000,17.0000,0.0000,0.0000,0.0000,
1913,994.73,10052.95,2688.83,293.0000,65535.0000,311.0000,18.0000,0.0000,0.0000,0.0000,
1914,994.83,10051.96,2689.81,306.0000,65535.0000,318.0000,12.0000,0.0000,0.0000,0.0000,
1915,994.93,10050.97,2690.80,296.0000,65535.0000,304.0000,8.0000,0.0000,0.0000,0.0000,
1916,995.03,10049.98,2691.79,304.0000,65535.0000,304.0000,0.0000,0.0000,0.0000,0.0000,
1917,995.12,10049.00,2692.78,304.0000,65535.0000,324.0000,20.0000,0.0000,0.0000,0.0000,
1918,995.22,10048.01,2693.76,298.0000,65535.0000,311.0000,13.0000,0.0000,0.0000,0.0000,
1919,995.32,10047.02,2694.75,292.0000,65535.0000,316.0000,24.0000,0.0000,0.0000,0.0000,
1920,995.42,10046.04,2695.74,293.0000,65535.0000,311.0000,18.0000,0.0000,0.0000,0.0000,
1921,995.52,10045.05,2696.72,304.0000,65535.0000,318.0000,14.0000,0.0000,0.0000,0.0000,
1922,995.61,10044.07,2697.71,296.0000,65535.0000,306.0000,10.0000,0.0000,0.0000,0.0000,
1923,995.71,10043.08,2698.69,294.0000,65535.0000,318.0000,24.0000,0.0000,0.0000,0.0000,
1924,995.81,10042.10,2699.68,290.0000,65535.0000,316.0000,26.0000,0.0000,0.0000,0.0000,
1925,995.91,10041.11,2700.66,287.0000,65535.0000,310.0000,23.0000,0.0000,0.0000,0.0000,
1926,996.00,10040.13,2701.65,294.0000,65535.0000,306.0000,12.0000,0.0000,0.0000,0.0000,
1927,996.10,10039.14,2702.63,297.0000,65535.0000,308.0000,11.0000,0.0000,0.0000,0.0000,
1928,996.20,10038.16,2703.62,300.0000,65535.0000,313.0000,13.0000,0.0000,0.0000,0.0000,
1929,996.30,10037.18,2704.60,298.0000,65535.0000,313.0000,15.0000,0.0000,0.0000,0.0000,
1930,996.39,10036.19,2705.58,296.0000,65535.0000,316.0000,20.0000,0.0000,0.0000,0.0000,
1931,996.49,10035.21,2706.57,302.0000,65535.0000,302.0000,0.0000,0.0000,0.0000,0.0000,
1932,996.59,10034.23,2707.55,295.0000,65535.0000,314.0000,19.0000,0.0000,0.0000,0.0000,
1933,996.69,10033.25,2708.53,296.0000,65535.0000,317.0000,21.0000,0.0000,0.0000,0.0000,
1934,996.78,10032.26,2709.51,297.0000,65535.0000,316.0000,19.0000,0.0000,0.0000,0.0000,
1935,996.88,10031.28,2710.49,297.0000,65535.0000,310.0000,13.0000,0.0000,0.0000,0.0000,
1936,996.98,10030.30,2711.47,291.0000,65535.0000,320.0000,29.0000,0.0000,0.0000,0.0000,
1937,997.08,10029.32,2712.45,297.0000,65535.0000,313.0000,16.0000,0.0000,0.0000,0.0000,
1938,997.17,10028.34,2713.43,295.0000,65535.0000,308.0000,13.0000,0.0000,0.0000,0.0000,
1939,997.27,10027.36,2714.41,295.0000,65535.0000,318.0000,23.0000,0.0000,0.0000,0.0000,
1940,997.37,10026.38,2715.39,327.0000,65535.0000,345.0000,18.0000,0.0000,0.0000,0.0000,
1941,997.47,10025.40,2716.37,300.0000,65535.0000,314.0000,14.0000,0.0000,0.0000,0.0000,
1942,997.56,10024.42,2717.35,292.0000,65535.0000,314.0000,22.0000,0.0000,0.0000,0.0000,
1943,997.66,10023.45,2718.33,296.0000,65535.0000,312.0000,16.0000,0.0000,0.0000,0.0000,
1944,997.76,10022.47,2719.31,299.0000,65535.0000,320.0000,21.0000,0.0000,0.0000,0.0000,
1945,997.86,10021.49,2720.28,294.0000,65535.0000,316.0000,22.0000,0.0000,0.0000,0.0000,
1946,997.95,10020.51,2721.26,296.0000,65535.0000,311.0000,15.0000,0.0000,0.0000,0.0000,
1947,998.05,10019.54,2722.24,298.0000,65535.0000,312.0000,14.0000,0.0000,0.0000,0.0000,
1948,998.15,10018.56,2723.22,300.0000,65535.0000,310.0000,10.0000,0.0000,0.0000,0.0000,
1949,998.24,10017.58,2724.19,297.0000,65535.0000,318.0000,21.0000,0.0000,0.0000,0.0000,
1950,998.34,10016.61,2725.17,291.0000,65535.0000,314.0000,23.0000,0.0000,0.0000,0.0000,
1951,998.44,10015.63,2726.14,292.0000,65535.0000,320.0000,28.0000,0.0000,0.0000,0.0000,
1952,998.54,10014.66,2727.12,306.0000,65535.0000,319.0000,13.0000,0.0000,0.0000,0.0000,
1953,998.63,10013.68,2728.09,289.0000,65535.0000,310.0000,21.0000,0.0000,0.0000,0.0000,
1954,998.73,10012.71,2729.07,300.0000,65535.0000,318.0000,18.0000,0.0000,0.0000,0.0000,
1955,998.83,10011.73,2730.04,299.0000,65535.0000,307.0000,8.0000,0.0000,0.0000,0.0000,
1956,998.93,10010.76,2731.02,298.0000,65535.0000,314.0000,16.0000,0.0000,0.0000,0.0000,
1957,999.02,10009.79,2731.99,294.0000,65535.0000,314.0000,20.0000,0.0000,0.0000,0.0000,
1958,999.12,10008.81,2732.96,302.0000,65535.0000,316.0000,14.0000,0.0000,0.0000,0.0000,
1959,999.22,10007.84,2733.94,301.0000,65535.0000,311.0000,10.0000,0.0000,0.0000,0.0000,
1960,999.31,10006.87,2734.91,300.0000,65535.0000,319.0000,19.0000,0.0000,0.0000,0.0000,
1961,999.41,10005.89,2735.88,299.0000,65535.0000,312.0000,13.0000,0.0000,0.0000,0.0000,
1962,999.51,10004.92,2736.85,296.0000,65535.0000,310.0000,14.0000,0.0000,0.0000,0.0000,
1963,999.61,10003.95,2737.82,310.0000,65535.0000,317.0000,7.0000,0.0000,0.0000,0.0000,
1964,999.70,10002.98,2738.80,300.0000,65535.0000,312.0000,12.0000,0.0000,0.0000,0.0000,
1965,999.80,10002.01,2739.77,298.0000,65535.0000,314.0000,16.0000,0.0000,0.0000,0.0000,
1966,999.90,10001.04,2740.74,298.0000,65535.0000,315.0000,17.0000,0.0000,0.0000,0.0000,
1967,999.99,10000.07,2741.71,291.0000,65535.0000,307.0000,16.0000,0.0000,0.0000,0.0000,
1968,1000.09,9999.10,2742.68,296.0000,65535.0000,302.0000,6.0000,0.0000,0.0000,0.0000,
1969,1000.19,9998.13,2743.65,295.0000,65535.0000,309.0000,14.0000,0.0000,0.0000,0.0000,
1970,1000.28,9997.16,2744.61,325.0000,65535.0000,342.0000,17.0000,0.0000,0.0000,0.0000,
1971,1000.38,9996.19,2745.58,300.0000,65535.0000,312.0000,12.0000,0.0000,0.0000,0.0000,
1972,1000.48,9995.22,2746.55,295.0000,65535.0000,317.0000,22.0000,0.0000,0.0000,0.0000,
1973,1000.57,9994.26,2747.52,295.0000,65535.0000,301.0000,6.0000,0.0000,0.0000,0.0000,
1974,1000.67,9993.29,2748.49,302.0000,65535.0000,326.0000,24.0000,0.0000,0.0000,0.0000,
1975,1000.77,9992.32,2749.46,299.0000,65535.0000,314.0000,15.0000,0.0000,0.0000,0.0000,
1976,1000.87,9991.35,2750.42,297.0000,65535.0000,316.0000,19.0000,0.0000,0.0000,0.0000,
1977,1000.96,9990.39,2751.39,300.0000,65535.0000,314.0000,14.0000,0.0000,0.0000,0.0000,
1978,1001.06,9989.42,2752.36,316.0000,65535.0000,333.0000,17.0000,0.0000,0.0000,0.0000,
1979,1001.16,9988.45,2753.32,317.0000,65535.0000,321.0000,4.0000,0.0000,0.0000,0.0000,
1980,1001.25,9987.49,2754.29,299.0000,65535.0000,312.0000,13.0000,0.0000,0.0000,0.0000,
1981,1001.35,9986.52,2755.25,302.0000,65535.0000,312.0000,10.0000,0.0000,0.0000,0.0000,
1982,1001.45,9985.56,2756.22,293.0000,65535.0000,313.0000,20.0000,0.0000,0.0000,0.0000,
1983,1001.54,9984.59,2757.18,294.0000,65535.0000,312.0000,18.0000,0.0000,0.0000,0.0000,
1984,1001.64,9983.63,2758.15,297.0000,65535.0000,313.0000,16.0000,0.0000,0.0000,0.0000,
1985,1001.74,9982.67,2759.11,294.0000,65535.0000,316.0000,22.0000,0.0000,0.0000,0.0000,
1986,1001.83,9981.70,2760.07,303.0000,65535.0000,314.0000,11.0000,0.0000,0.0000,0.0000,
1987,1001.93,9980.74,2761.04,298.0000,65535.0000,306.0000,8.0000,0.0000,0.0000,0.0000,
1988,1002.03,9979.78,2762.00,292.0000,65535.0000,308.0000,16.0000,0.0000,0.0000,0.0000,
1989,1002.12,9978.81,2762.96,292.0000,65535.0000,312.0000,20.0000,0.0000,0.0000,0.0000,
1990,1002.22,9977.85,2763.92,300.0000,65535.0000,311.0000,11.0000,0.0000,0.0000,0.0000,
1991,1002.32,9976.89,2764.89,297.0000,65535.0000,310.0000,13.0000,0.0000,0.0000,0.0000,
1992,1002.41,9975.93,2765.85,290.0000,65535.0000,305.0000,15.0000,0.0000,0.0000,0.0000,
1993,1002.51,9974.97,2766.81,301.0000,65535.0000,312.0000,11.0000,0.0000,0.0000,0.0000,
1994,1002.61,9974.01,2767.77,299.0000,65535.0000,310.0000,11.0000,0.0000,0.0000,0.0000,
1995,1002.70,9973.04,2768.73,306.0000,65535.0000,316.0000,10.0000,0.0000,0.0000,0.0000,
1996,1002.80,9972.08,2769.69,299.0000,65535.0000,306.0000,7.0000,0.0000,0.0000,0.0000,
1997,1002.90,9971.12,2770.65,308.0000,65535.0000,317.0000,9.0000,0.0000,0.0000,0.0000,
1998,1002.99,9970.17,2771.61,294.0000,65535.0000,311.0000,17.0000,0.0000,0.0000,0.0000,
1999,1003.09,9969.21,2772.57,296.0000,65535.0000,307.0000,11.0000,0.0000,0.0000,0.0000,
2000,1003.19,9968.25,2773.53,294.0000,65535.0000,307.0000,13.0000,0.0000,0.0000,0.0000,
2001,1003.28,9967.29,2774.49,298.0000,65535.0000,312.0000,14.0000,0.0000,0.0000,0.0000,
2002,1003.38,9966.33,2775.44,298.0000,65535.0000,304.0000,6.0000,0.0000,0.0000,0.0000,
2003,1003.47,9965.37,2776.40,300.0000,65535.0000,305.0000,5.0000,0.0000,0.0000,0.0000,
2004,1003.57,9964.42,2777.36,288.0000,65535.0000,311.0000,23.0000,0.0000,0.0000,0.0000,
2005,1003.67,9963.46,2778.32,291.0000,65535.0000,310.0000,19.0000,0.0000,0.0000,0.0000,
2006,1003.76,9962.50,2779.27,295.0000,65535.0000,328.0000,33.0000,0.0000,0.0000,0.0000,
2007,1003.86,9961.55,2780.23,290.0000,65535.0000,309.0000,19.0000,0.0000,0.0000,0.0000,
2008,1003.96,9960.59,2781.19,291.0000,65535.0000,302.0000,11.0000,0.0000,0.0000,0.0000,
2009,1004.05,9959.63,2782.14,296.0000,65535.0000,302.0000,6.0000,0.0000,0.0000,0.0000,
2010,1004.15,9958.68,2783.10,296.0000,65535.0000,311.0000,15.0000,0.0000,0.0000,0.0000,
2011,1004.25,9957.72,2784.05,289.0000,65535.0000,306.0000,17.0000,0.0000,0.0000,0.0000,
2012,1004.34,9956.77,2785.01,293.0000,65535.0000,304.0000,11.0000,0.0000,0.0000,0.0000,
2013,1004.44,9955.81,2785.96,292.0000,65535.0000,305.0000,13.0000,0.0000,0.0000,0.0000,
2014,1004.53,9954.86,2786.92,292.0000,65535.0000,320.0000,28.0000,0.0000,0.0000,0.0000,
2015,1004.63,9953.91,2787.87,299.0000,65535.0000,319.0000,20.0000,0.0000,0.0000,0.0000,
2016,1004.73,9952.95,2788.82,297.0000,65535.0000,305.0000,8.0000,0.0000,0.0000,0.0000,
2017,1004.82,9952.00,2789.78,298.0000,65535.0000,316.0000,18.0000,0.0000,0.0000,0.0000,
2018,1004.92,9951.05,2790.73,286.0000,65535.0000,306.0000,20.0000,0.0000,0.0000,0.0000,
2019,1005.02,9950.09,2791.68,298.0000,65535.0000,314.0000,16.0000,0.0000,0.0000,0.0000,
2020,1005.11,9949.14,2792.63,296.0000,65535.0000,307.0000,11.0000,0.0000,0.0000,0.0000,
2021,1005.21,9948.19,2793.58,290.0000,65535.0000,305.0000,15.0000,0.0000,0.0000,0.0000,
2022,1005.30,9947.24,2794.54,296.0000,65535.0000,310.0000,14.0000,0.0000,0.0000,0.0000,
2023,1005.40,9946.29,2795.49,304.0000,65535.0000,318.0000,14.0000,0.0000,0.0000,0.0000,
2024,1005.50,9945.34,2796.44,299.0000,65535.0000,304.0000,5.0000,0.0000,0.0000,0.0000,
2025,1005.59,9944.39,2797.39,290.0000,65535.0000,309.0000,19.0000,0.0000,0.0000,0.0000,
2026,1005.69,9943.44,2798.34,300.0000,65535.0000,312.0000,12.0000,0.0000,0.0000,0.0000,
2027,1005.78,9942.49,2799.29,297.0000,65535.0000,305.0000,8.0000,0.0000,0.0000,0.0000,
2028,1005.88,9941.54,2800.24,298.0000,65535.0000,306.0000,8.0000,0.0000,0.0000,0.0000,
2029,1005.98,9940.59,2801.19,298.0000,65535.0000,311.0000,13.0000,0.0000,0.0000,0.0000,
2030,1006.07,9939.64,2802.13,293.0000,65535.0000,305.0000,12.0000,0.0000,0.0000,0.0000,
2031,   ,   ,   ,294.0000,65535.0000,316.0000,22.0000,0.0000,0.0000,0.0000,
2032,   ,   ,   ,296.0000,65535.0000,306.0000,10.0000,0.0000,0.0000,0.0000,
2033,   ,   ,   ,288.0000,65535.0000,313.0000,25.0000,0.0000,0.0000,0.0000,
2034,   ,   ,   ,298.0000,65535.0000,310.0000,12.0000,0.0000,0.0000,0.0000,
2035,   ,   ,   ,290.0000,65535.0000,298.0000,8.0000,0.0000,0.0000,0.0000,
2036,   ,   ,   ,288.0000,65535.0000,297.0000,9.0000,0.0000,0.0000,0.0000,
2037,   ,   ,   ,283.0000,65535.0000,305.0000,22.0000,0.0000,0.0000,0.0000,
2038,   ,   ,   ,281.0000,65535.0000,300.0000,19.0000,0.0000,0.0000,0.0000,
2039,   ,   ,   ,287.0000,65535.0000,300.0000,13.0000,0.0000,0.0000,0.0000,
2040,   ,   ,   ,288.0000,65535.0000,300.0000,12.0000,0.0000,0.0000,0.0000,
2041,   ,   ,   ,292.0000,65535.0000,298.0000,6.0000,0.0000,0.0000,0.0000,
2042,   ,   ,   ,293.0000,65535.0000,305.0000,12.0000,0.0000,0.0000,0.0000,
2043,   ,   ,   ,282.0000,65535.0000,283.0000,1.0000,0.0000,0.0000,0.0000,
2044,   ,   ,   ,286.0000,65535.0000,283.0000,-3.0000,0.0000,0.0000,0.0000,
2045,   ,   ,   ,284.0000,65535.0000,286.0000,2.0000,0.0000,0.0000,0.0000,
2046,   ,   ,   ,309.0000,65535.0000,309.0000,0.0000,0.0000,0.0000,0.0000,
2047,   ,   ,   ,45938.0000,65535.0000,59614.0000,13676.0000,0.0000,0.0000,0.0000,
